1.20082e+007
1.2005e+007
1.20018e+007
1.19986e+007
1.19954e+007
1.19922e+007
1.1989e+007
1.19858e+007
1.19826e+007
1.19793e+007
1.19761e+007
1.19729e+007
1.19696e+007
1.19664e+007
1.19632e+007
1.19599e+007
1.19567e+007
1.19535e+007
1.19502e+007
1.1947e+007
1.19437e+007
1.19405e+007
1.19372e+007
1.19339e+007
1.19307e+007
1.19274e+007
1.19241e+007
1.19209e+007
1.19176e+007
1.19143e+007
1.1911e+007
1.19077e+007
1.19045e+007
1.19012e+007
1.18979e+007
1.18946e+007
1.18913e+007
1.1888e+007
1.18847e+007
1.18814e+007
1.18781e+007
1.18747e+007
1.18714e+007
1.18681e+007
1.18648e+007
1.18615e+007
1.18581e+007
1.18548e+007
1.18515e+007
1.18481e+007
1.18448e+007
1.18414e+007
1.18381e+007
1.18348e+007
1.18314e+007
1.1828e+007
1.18247e+007
1.18213e+007
1.1818e+007
1.18146e+007
1.18112e+007
1.18079e+007
1.18045e+007
1.18011e+007
1.17977e+007
1.17943e+007
1.1791e+007
1.17876e+007
1.17842e+007
1.17808e+007
1.17774e+007
1.1774e+007
1.17706e+007
1.17672e+007
1.17637e+007
1.17603e+007
1.17569e+007
1.17535e+007
1.17501e+007
1.17466e+007
1.17432e+007
1.17398e+007
1.17363e+007
1.17329e+007
1.17294e+007
1.1726e+007
1.17225e+007
1.17191e+007
1.17156e+007
1.17122e+007
1.17087e+007
1.17053e+007
1.17018e+007
1.16983e+007
1.16948e+007
1.16914e+007
1.16879e+007
1.16844e+007
1.16809e+007
1.16774e+007
1.16739e+007
1.16704e+007
1.16669e+007
1.16634e+007
1.16599e+007
1.16564e+007
1.16529e+007
1.16494e+007
1.16458e+007
1.16423e+007
1.16388e+007
1.16353e+007
1.16317e+007
1.16282e+007
1.16246e+007
1.16211e+007
1.16176e+007
1.1614e+007
1.16105e+007
1.16069e+007
1.16033e+007
1.15998e+007
1.15962e+007
1.15926e+007
1.15891e+007
1.15855e+007
1.15819e+007
1.15783e+007
1.15747e+007
1.15711e+007
1.15675e+007
1.15639e+007
1.15603e+007
1.15567e+007
1.15531e+007
1.15495e+007
1.15459e+007
1.15423e+007
1.15387e+007
1.1535e+007
1.15314e+007
1.15278e+007
1.15241e+007
1.15205e+007
1.15169e+007
1.15132e+007
1.15096e+007
1.15059e+007
1.15022e+007
1.14986e+007
1.14949e+007
1.14913e+007
1.14876e+007
1.14839e+007
1.14802e+007
1.14765e+007
1.14729e+007
1.14692e+007
1.14655e+007
1.14618e+007
1.14581e+007
1.14544e+007
1.14507e+007
1.1447e+007
1.14432e+007
1.14395e+007
1.14358e+007
1.14321e+007
1.14284e+007
1.14246e+007
1.14209e+007
1.14171e+007
1.14134e+007
1.14097e+007
1.14059e+007
1.14021e+007
1.13984e+007
1.13946e+007
1.13909e+007
1.13871e+007
1.13833e+007
1.13795e+007
1.13758e+007
1.1372e+007
1.13682e+007
1.13644e+007
1.13606e+007
1.13568e+007
1.1353e+007
1.13492e+007
1.13454e+007
1.13416e+007
1.13377e+007
1.13339e+007
1.13301e+007
1.13263e+007
1.13224e+007
1.13186e+007
1.13147e+007
1.13109e+007
1.1307e+007
1.13032e+007
1.12993e+007
1.12955e+007
1.12916e+007
1.12877e+007
1.12839e+007
1.128e+007
1.12761e+007
1.12722e+007
1.12683e+007
1.12644e+007
1.12605e+007
1.12566e+007
1.12527e+007
1.12488e+007
1.12449e+007
1.1241e+007
1.12371e+007
1.12331e+007
1.12292e+007
1.12253e+007
1.12213e+007
1.12174e+007
1.12134e+007
1.12095e+007
1.12055e+007
1.12016e+007
1.11976e+007
1.11937e+007
1.11897e+007
1.11857e+007
1.11817e+007
1.11777e+007
1.11738e+007
1.11698e+007
1.11658e+007
1.11618e+007
1.11578e+007
1.11538e+007
1.11497e+007
1.11457e+007
1.11417e+007
1.11377e+007
1.11337e+007
1.11296e+007
1.11256e+007
1.11215e+007
1.11175e+007
1.11134e+007
1.11094e+007
1.11053e+007
1.11013e+007
1.10972e+007
1.10931e+007
1.1089e+007
1.1085e+007
1.10809e+007
1.10768e+007
1.10727e+007
1.10686e+007
1.10645e+007
1.10604e+007
1.10563e+007
1.10522e+007
1.1048e+007
1.10439e+007
1.10398e+007
1.10356e+007
1.10315e+007
1.10274e+007
1.10232e+007
1.10191e+007
1.10149e+007
1.10107e+007
1.10066e+007
1.10024e+007
1.09982e+007
1.09941e+007
1.09899e+007
1.09857e+007
1.09815e+007
1.09773e+007
1.09731e+007
1.09689e+007
1.09647e+007
1.09605e+007
1.09562e+007
1.0952e+007
1.09478e+007
1.09435e+007
1.09393e+007
1.09351e+007
1.09308e+007
1.09266e+007
1.09223e+007
1.0918e+007
1.09138e+007
1.09095e+007
1.09052e+007
1.09009e+007
1.08967e+007
1.08924e+007
1.08881e+007
1.08838e+007
1.08795e+007
1.08752e+007
1.08708e+007
1.08665e+007
1.08622e+007
1.08579e+007
1.08535e+007
1.08492e+007
1.08448e+007
1.08405e+007
1.08361e+007
1.08318e+007
1.08274e+007
1.0823e+007
1.08187e+007
1.08143e+007
1.08099e+007
1.08055e+007
1.08011e+007
1.07967e+007
1.07923e+007
1.07879e+007
1.07835e+007
1.07791e+007
1.07746e+007
1.07702e+007
1.07658e+007
1.07613e+007
1.07569e+007
1.07524e+007
1.0748e+007
1.07435e+007
1.07391e+007
1.07346e+007
1.07301e+007
1.07256e+007
1.07211e+007
1.07167e+007
1.07122e+007
1.07077e+007
1.07031e+007
1.06986e+007
1.06941e+007
1.06896e+007
1.06851e+007
1.06805e+007
1.0676e+007
1.06714e+007
1.06669e+007
1.06623e+007
1.06578e+007
1.06532e+007
1.06486e+007
1.06441e+007
1.06395e+007
1.06349e+007
1.06303e+007
1.06257e+007
1.06211e+007
1.06165e+007
1.06119e+007
1.06073e+007
1.06026e+007
1.0598e+007
1.05934e+007
1.05887e+007
1.05841e+007
1.05794e+007
1.05748e+007
1.05701e+007
1.05654e+007
1.05607e+007
1.05561e+007
1.05514e+007
1.05467e+007
1.0542e+007
1.05373e+007
1.05326e+007
1.05278e+007
1.05231e+007
1.05184e+007
1.05137e+007
1.05089e+007
1.05042e+007
1.04994e+007
1.04947e+007
1.04899e+007
1.04851e+007
1.04804e+007
1.04756e+007
1.04708e+007
1.0466e+007
1.04612e+007
1.04564e+007
1.04516e+007
1.04468e+007
1.0442e+007
1.04371e+007
1.04323e+007
1.04275e+007
1.04226e+007
1.04178e+007
1.04129e+007
1.0408e+007
1.04032e+007
1.03983e+007
1.03934e+007
1.03885e+007
1.03836e+007
1.03787e+007
1.03738e+007
1.03689e+007
1.0364e+007
1.03591e+007
1.03541e+007
1.03492e+007
1.03443e+007
1.03393e+007
1.03344e+007
1.03294e+007
1.03244e+007
1.03194e+007
1.03145e+007
1.03095e+007
1.03045e+007
1.02995e+007
1.02945e+007
1.02895e+007
1.02844e+007
1.02794e+007
1.02744e+007
1.02693e+007
1.02643e+007
1.02592e+007
1.02542e+007
1.02491e+007
1.0244e+007
1.0239e+007
1.02339e+007
1.02288e+007
1.02237e+007
1.02186e+007
1.02135e+007
1.02084e+007
1.02032e+007
1.01981e+007
1.0193e+007
1.01878e+007
1.01827e+007
1.01775e+007
1.01723e+007
1.01672e+007
1.0162e+007
1.01568e+007
1.01516e+007
1.01464e+007
1.01412e+007
1.0136e+007
1.01308e+007
1.01255e+007
1.01203e+007
1.01151e+007
1.01098e+007
1.01046e+007
1.00993e+007
1.0094e+007
1.00888e+007
1.00835e+007
1.00782e+007
1.00729e+007
1.00676e+007
1.00623e+007
1.0057e+007
1.00516e+007
1.00463e+007
1.0041e+007
1.00356e+007
1.00303e+007
1.00249e+007
1.00195e+007
1.00142e+007
1.00088e+007
1.00034e+007
9.99798e+006
9.99257e+006
9.98716e+006
9.98174e+006
9.97631e+006
9.97088e+006
9.96543e+006
9.95998e+006
9.95453e+006
9.94906e+006
9.94359e+006
9.93811e+006
9.93262e+006
