0.997058
0.996429
0.995686
0.994809
0.993815
0.992727
0.991565
0.990345
0.989078
0.987773
0.986437
0.985073
0.983686
0.982277
0.980851
0.979407
0.977949
0.976477
0.974993
0.973499
0.971995
0.970482
0.968962
0.967436
0.965903
0.964366
0.962825
0.961281
0.959735
0.958186
0.956636
0.955085
0.953535
0.951984
0.950434
0.948886
0.947339
0.945795
0.944252
0.942713
0.941177
0.939644
0.938115
0.93659
0.935069
0.933553
0.932042
0.930536
0.929035
0.927539
0.926049
0.924565
0.923086
0.921614
0.920148
0.918688
0.917235