0.995047
0.994245
0.993352
0.99234
0.991234
0.990061
0.988843
0.987592
0.986319
0.985029
0.983726
0.982412
0.981088
0.979757
0.978418
0.977072
0.97572
0.974363
0.973001
0.971634
0.970264
0.96889
0.967514
0.966136
0.964755
0.963374
0.961992
0.960609
0.959227
0.957845
0.956465
0.955085
0.953707
0.952331
0.950958
0.949587
0.948219
0.946854
0.945493
0.944135
0.942782
0.941432
0.940087
0.938747
0.937412
0.936081
0.934756
0.933436
0.932121
0.930812
0.929509
0.928211
0.92692
0.925635
0.924356
0.923083
0.921816
0.920557