0.0017404
0.00149927
0.001431
0.0014136
0.00141018
0.00141046
0.00141161
0.00141285
0.00141397
0.00141494
0.00141576
0.00141645
0.00141705
0.00141756
0.00141801
0.00141841
0.00141876
0.00141907
0.00141935
0.00141961
0.00141984
0.00142005
0.00142025
0.00142043
0.0014206
0.00142076
0.00142092
0.00142107
0.00142121
0.00142135
0.00142149
0.00142162
0.00142176
0.00142189
0.00142202
0.00142215
0.00142229
0.00142243
0.00142256
0.00142271
0.00142285
0.001423
0.00142315
0.00142331
0.00142347
0.00142363
0.0014238
0.00142398