0.000970999
0.00145035
0.00169016
0.00181089
0.00187219
0.00190375
0.0019204
0.00192954
0.00193487
0.00193827
0.00194065
0.00194251
0.00194407
0.00194547
0.00194676
0.001948
0.0019492
0.00195036
0.00195151
0.00195263
0.00195375
0.00195486
0.00195596
0.00195706
0.00195816
0.00195926
0.00196036
0.00196146
0.00196256
0.00196367
0.00196478
0.00196589
0.00196701
0.00196814
0.00196927
0.00197042
0.00197156
0.00197272
0.00197388
0.00197505
0.00197623
0.00197742
0.00197861
0.00197982
0.00198103
0.00198225
0.00198348