0.000970353
0.00144954
0.00168939
0.00181029
0.00187183
0.00190373
0.00192078
0.00193038
0.00193623
0.00194018
0.00194316
0.00194565
0.00194787
0.00194996
0.00195198
0.00195396
0.00195592
0.00195788
0.00195983
0.00196178
0.00196374
0.00196571
0.00196769
0.00196968
0.00197168
0.00197369
0.00197571
0.00197775
0.0019798
0.00198187
0.00198394
0.00198604
0.00198814
0.00199026
0.0019924
0.00199454
0.00199671
0.00199888
0.00200107
0.00200327
0.00200549
0.00200772
0.00200996
0.00201222
0.00201448
0.00201676
0.00201906