0.30641
0.301538
0.285421
0.287487
0.295874
0.305189
0.314052
0.321968
0.328566
0.333627
0.337104
0.339098
0.339818
0.339519
0.338453
0.336851
0.334898
0.332741
0.330487
0.328217
0.325982
0.323818
0.321746
0.319778
0.31792
0.316174
0.314538
0.313008
0.311579
0.310246
0.309003
0.307846
0.306767
0.305762
0.304826
0.303952
0.303138
0.302379
0.30167
0.301009
0.300391
0.299815
0.299276
0.298772
0.298301
0.29786
0.297448
0.297062
0.2967
0.296362
0.296044
0.295747
0.295468
0.295207
0.294962
0.294732
0.294516
0.294313
0.294123
0.293945
0.293777
0.29362
0.293472
0.293333
0.293202
0.29308
0.292964
0.292856
0.292754
0.292659
0.292568
0.292484
0.292404
0.292329
0.292259
0.292193
0.29213
0.292072
0.292017
0.291965
0.291916
0.29187
0.291827
0.291786
0.291748
0.291712
0.291678
0.291646
0.291616
0.291588
0.291561
0.291536
0.291512
0.29149
0.291469
0.29145
0.291431
0.291414
0.291397
