0.221774
0.138079
0.111029
0.107657
0.107337
0.106904
0.106591
0.106465
0.106395
0.106261
0.106009
0.105623
0.105134
0.104575
0.103982
0.103381
0.102791
0.102226
0.101694
0.101199
0.100744
0.100329
0.0999511
0.0996072
0.0992948
0.09901
0.0987504
0.0985135
0.0982968
0.0980979
0.0979155
0.0977481
0.0975944
0.097453
0.0973228
0.0972029
0.0970923
0.0969899
0.0968952
0.0968076
0.096726
0.0966501
0.0965797
0.0965144
0.0964537
0.0963974
0.0963451
0.0962963
0.096251
0.0962087
0.0961693
0.0961326
0.0960982
0.0960661
0.096036
0.0960079
0.0959817
0.0959571
0.095934
0.0959125
0.0958922
0.0958732
0.0958554
0.0958386
0.0958229
0.0958081
0.0957942
0.0957811
0.0957689
0.0957573
0.0957465
0.0957364
0.0957268
0.0957178
0.0957093
0.0957013
0.0956938
0.0956868
0.0956801
0.0956739
0.095668
0.0956625
0.0956573
0.0956524
0.0956477
0.0956434
0.0956393
0.0956355
0.0956318
0.0956284
0.0956252
0.0956222
0.0956193
0.0956166
0.0956141
0.0956117
0.0956095
0.0956074
0.0956054
