0.217612
0.183872
0.161072
0.167716
0.183068
0.198434
0.212174
0.223871
0.233262
0.240224
0.244834
0.247327
0.248046
0.247366
0.245646
0.2432
0.240282
0.23709
0.233769
0.230425
0.227131
0.223935
0.220867
0.217946
0.215179
0.212571
0.210118
0.207818
0.205663
0.203647
0.201762
0.200001
0.198355
0.196818
0.195382
0.194041
0.192787
0.191616
0.190521
0.189497
0.188539
0.187643
0.186804
0.186019
0.185284
0.184596
0.183951
0.183347
0.18278
0.182249
0.181751
0.181284
0.180845
0.180434
0.180048
0.179685
0.179345
0.179026
0.178725
0.178443
0.178179
0.17793
0.177696
0.177476
0.177269
0.177075
0.176893
0.176721
0.176559
0.176407
0.176265
0.17613
0.176004
0.175885
0.175773
0.175668
0.175569
0.175476
0.175388
0.175306
0.175228
0.175155
0.175087
0.175022
0.174961
0.174904
0.17485
0.174799
0.174751
0.174706
0.174664
0.174624
0.174587
0.174551
0.174518
0.174487
0.174457
0.174429
0.174403
