0.0492735
0.0495084
0.0497433
0.0499782
0.050213
0.0504477
0.0506824
0.050917
0.0511516
0.0513861
0.0516206
0.051855
0.0520894
0.0523237
0.052558
0.0527922
0.0530264
0.0532605
0.0534946
0.0537287
0.0539627
0.0541966
0.0544306
0.0546644
0.0548983
0.0551321
0.0553658
0.0555996
0.0558332
0.0560669
0.0563005
0.0565341
0.0567676
0.0570011
0.0572346
0.057468
0.0577014
0.0579347
0.058168
0.0584013
0.0586346
0.0588678
0.059101
0.0593342
0.0595673
0.0598004
0.0600335
0.0602665
0.0604995
0.0607325
0.0609655
0.0611984
0.0614313
0.0616641
0.061897
0.0621298
0.0623626
0.0625953
0.0628281
0.0630608
0.0632935
0.0635261
0.0637588
0.0639914
0.064224
0.0644565
0.0646891
0.0649216
0.0651541
0.0653866
0.065619
0.0658514
0.0660839
0.0663162
0.0665486
0.066781
0.0670133
0.0672456
0.0674779
0.0677101
0.0679424
0.0681746
0.0684068
0.068639
0.0688712
0.0691033
0.0693355
0.0695676
0.0697997
0.0700318
0.0702638
0.0704959
0.0707279
0.0709599
0.0711919
0.0714239
0.0716559
0.0718878
0.0721198
0.0723517
0.0725836
0.0728155
0.0730474
0.0732792
0.0735111
0.0737429
0.0739748
0.0742066
0.0744384
0.0746701
0.0749019
0.0751337
0.0753654
0.0755971
0.0758289
0.0760606
0.0762923
0.0765239
0.0767556
0.0769873
0.0772189
0.0774505
0.0776822
0.0779138
0.0781454
0.078377
0.0786085
0.0788401
0.0790717
0.0793032
0.0795348
0.0797663
0.0799978
0.0802293
0.0804608
0.0806923
0.0809238
0.0811553
0.0813867
0.0816182
0.0818496
0.082081
0.0823125
0.0825439
0.0827753
0.0830067
0.0832381
0.0834695
0.0837009
0.0839322
0.0841636
0.0843949
0.0846263
0.0848576
0.085089
0.0853203
0.0855516
0.0857829
0.0860142
0.0862455
0.0864768
0.0867081
0.0869394
0.0871706
0.0874019
0.0876331
0.0878644
0.0880956
0.0883269
0.0885581
0.0887893
0.0890206
0.0892518
0.089483
0.0897142
0.0899454
0.0901766
0.0904078
0.0906389
0.0908701
0.0911013
0.0913325
0.0915636
0.0917948
0.0920259
0.0922571
0.0924882
0.0927194
0.0929505
0.0931816
0.0934128
0.0936439
0.093875
0.0941061
0.0943372
0.0945683
0.0947994
0.0950305
0.0952616
0.0954927
0.0957238
0.0959549
0.096186
0.096417
0.0966481
0.0968792
0.0971102
0.0973413
0.0975724
0.0978034
0.0980345
0.0982655
0.0984966
0.0987276
0.0989587
0.0991897
0.0994207
0.0996518
0.0998828
0.100114
0.100345
0.100576
0.100807
0.101038
0.101269
0.1015
0.101731
0.101962
0.102193
0.102424
0.102655
0.102886
0.103117
0.103348
0.103579
0.10381
0.104041
0.104272
0.104503
0.104734
0.104965
0.105196
0.105427
0.105658
0.105889
0.10612
0.106351
0.106582
0.106813
0.107044
0.107275
0.107506
0.107737
0.107968
0.108199
0.10843
0.108661
0.108892
0.109122
0.109353
0.109584
0.109815
0.110046
0.110277
0.110508
0.110739
0.11097
0.111201
0.111432
0.111663
0.111894
0.112125
0.112356
0.112587
0.112818
0.113049
0.11328
0.113511
0.113742
0.113973
0.114204
0.114435
0.114665
0.114896
0.115127
0.115358
0.115589
0.11582
0.116051
0.116282
0.116513
0.116744
0.116975
0.117206
0.117437
0.117668
0.117899
0.11813
0.118361
0.118592
0.118823
0.119054
0.119285
0.119516
0.119747
0.119978
0.120209
0.120439
0.12067
0.120901
0.121132
0.121363
0.121594
0.121825
0.122056
0.122287
0.122518
0.122749
0.12298
0.123211
0.123442
0.123673
0.123904
0.124135
0.124366
0.124597
0.124828
0.125059
0.12529
0.125521
0.125752
0.125983
0.126214
0.126445
0.126676
0.126907
0.127138
0.127369
0.1276
0.127831
0.128062
0.128293
0.128524
0.128755
0.128986
0.129217
0.129448
0.129679
0.12991
0.130141
0.130372
0.130603
0.130834
0.131065
0.131296
0.131527
0.131758
0.131989
0.13222
0.132451
0.132682
0.132913
0.133144
0.133375
0.133606
0.133837
0.134069
0.1343
0.134531
0.134762
0.134993
0.135224
0.135455
0.135686
0.135917
0.136148
0.136379
0.13661
0.136841
0.137072
0.137303
0.137534
0.137765
0.137997
0.138228
0.138459
0.13869
0.138921
0.139152
0.139383
0.139614
0.139845
0.140076
0.140307
0.140539
0.14077
0.141001
0.141232
0.141463
0.141694
0.141925
0.142156
0.142388
0.142619
0.14285
0.143081
0.143312
0.143543
0.143774
0.144005
0.144237
0.144468
0.144699
0.14493
0.145161
0.145392
0.145623
0.145855
0.146086
0.146317
0.146548
0.146779
0.14701
0.147242
0.147473
0.147704
0.147935
0.148166
0.148398
0.148629
0.14886
0.149091
0.149322
0.149554
0.149785
0.150016
0.150247
0.150478
0.15071
0.150941
0.151172
0.151403
0.151635
0.151866
0.152097
0.152328
0.152559
0.152791
0.153022
0.153253
0.153484
0.153716
0.153947
0.154178
0.154409
0.154641
0.154872
0.155103
0.155335
0.155566
0.155797
0.156028
0.15626
0.156491
0.156722
0.156954
0.157185
0.157416
0.157647
0.157879
0.15811
0.158341
0.158573
0.158804
0.159035
0.159267
0.159498
0.159729
0.159961
0.160192
0.160423
0.160655
0.160886
0.161117
0.161349
0.16158
0.161812
0.162043
0.162274
0.162506
0.162737
0.162968
0.1632
0.163431
0.163663
0.163894
0.164125
0.164357
0.164588
0.16482
0.165051
