0.0132435
0.0122017
0.0101257
0.00872061
0.00778171
0.00712113
0.00664235
0.0062925
0.00603802
0.00585637
0.00573136
0.00565042
0.00560399
0.00558436
0.00558537
0.00560213
0.00563069
0.00566794
0.00571144
0.00575928
0.00580991
0.00586212
0.00591503
0.0059679
0.00602021
0.00607157
0.00612167
0.00617028
0.00621724
0.00626248
0.00630591
0.00634752
0.00638732
0.00642531
0.00646151
0.00649596
0.00652872
0.00655986
0.0065894
0.00661743
0.00664399
0.00666915
0.00669297
0.00671552
0.00673685
0.00675702
0.00677608
0.0067941
0.00681112
0.00682719
0.00684238
0.00685671
0.00687025
0.00688302
0.00689508
0.00690646
0.00691719
0.00692732
0.00693687
0.00694589
0.00695438
0.0069624
0.00696996
0.00697709
0.00698381
0.00699014
0.00699612
0.00700175
0.00700706
0.00701206
0.00701678
0.00702123
0.00702542
0.00702937
0.00703309
0.0070366
0.00703991
0.00704302
0.00704596
0.00704872
0.00705133
0.00705379
0.0070561
0.00705828
0.00706034
0.00706228
0.0070641
0.00706582
0.00706744
0.00706896
0.0070704
0.00707176
0.00707303
0.00707423
0.00707537
0.00707643
0.00707744
0.00707839
0.00707928
