0.00938391
0.00576837
0.00413951
0.00319567
0.00259111
0.0021966
0.00193912
0.00176948
0.00165748
0.00158502
0.00154072
0.00151673
0.00150749
0.00150905
0.00151827
0.0015327
0.00155088
0.00157137
0.00159317
0.00161572
0.00163836
0.00166096
0.00168305
0.00170454
0.00172537
0.00174522
0.00176422
0.00178224
0.00179929
0.00181554
0.00183099
0.00184561
0.00185942
0.00187248
0.00188476
0.00189631
0.00190711
0.00191722
0.0019267
0.00193556
0.00194388
0.00195168
0.001959
0.00196588
0.00197235
0.00197845
0.00198417
0.00198953
0.00199455
0.00199926
0.00200366
0.00200779
0.00201165
0.00201526
0.00201864
0.00202179
0.00202474
0.0020275
0.00203008
0.00203249
0.00203474
0.00203684
0.0020388
0.00204063
0.00204234
0.00204393
0.00204542
0.0020468
0.00204809
0.00204929
0.00205041
0.00205146
0.00205243
0.00205334
0.00205418
0.00205497
0.00205571
0.0020564
0.00205704
0.00205764
0.00205819
0.00205871
0.0020592
0.00205965
0.00206007
0.00206046
0.00206083
0.00206117
0.00206149
0.00206178
0.00206206
0.00206231
0.00206255
0.00206277
0.00206298
0.00206317
0.00206335
0.00206352
0.00206367
