0.00911704
0.00712658
0.00543052
0.00473816
0.00443102
0.00425253
0.0041331
0.00404789
0.00398443
0.00393559
0.00389726
0.00386663
0.00384208
0.00382232
0.00380641
0.00379367
0.00378344
0.00377528
0.00376883
0.00376375
0.00375981
0.00375675
0.00375442
0.00375268
0.0037514
0.00375054
0.00374999
0.00374969
0.00374959
0.00374964
0.00374979
0.00375004
0.00375037
0.00375075
0.00375118
0.00375164
0.00375213
0.00375264
0.00375317
0.0037537
0.00375423
0.00375475
0.00375527
0.00375577
0.00375626
0.00375673
0.00375718
0.00375763
0.00375805
0.00375847
0.00375887
0.00375925
0.00375963
0.00375998
0.00376033
0.00376067
0.00376099
0.0037613
0.00376159
0.00376188
0.00376215
0.00376241
0.00376267
0.00376291
0.00376314
0.00376337
0.00376358
0.00376379
0.00376399
0.00376417
0.00376436
0.00376453
0.0037647
0.00376485
0.00376501
0.00376515
0.00376529
0.00376542
0.00376555
0.00376567
0.00376578
0.00376589
0.003766
0.0037661
0.00376619
0.00376628
0.00376637
0.00376645
0.00376653
0.0037666
0.00376667
0.00376674
0.0037668
0.00376686
0.00376692
0.00376698
0.00376703
0.00376708
0.00376713
