0.174322
0.17389
0.173865
0.173269
0.173039
0.172833
0.172527
0.172516
0.172192
0.172002
0.172057
0.171727
0.171684
0.171672
0.171426
0.171501
0.171402
0.171284
0.171401
0.171272
0.171273
0.171356
0.171259
0.171346
0.17138
0.171348
0.171457
0.171461
0.171496
0.171597
0.171607
0.171683
0.171758
0.171788
0.171876
0.171933
0.171983
0.172066
0.172115
0.172178
0.172251
0.172302
0.172369
0.17243
0.172482
0.172545
0.172597
0.172648
0.172703
0.172749
0.172798
0.172845
0.172887
0.172931
0.172971
0.173008
0.173047
0.173081
0.173115
0.173147
0.173177
0.173206
0.173234
0.17326
0.173285
0.173308
0.173331
0.173352
0.173372
0.173391
0.173409
0.173426
0.173443
0.173458
0.173473
0.173487
0.1735
0.173512
0.173524
0.173535
0.173545
0.173555
0.173565
0.173574
0.173582
0.17359
0.173597
0.173604
0.173611
0.173617
0.173623
0.173629
0.173634
0.173639
0.173643
0.173648
0.173652
0.173656
0.17366
