0.218808
0.218234
0.219712
0.217271
0.217805
0.217878
0.216489
0.218489
0.216976
0.216677
0.218858
0.216964
0.21798
0.219218
0.217963
0.220007
0.220162
0.220026
0.222275
0.221935
0.222924
0.224685
0.224535
0.226231
0.227349
0.22776
0.229604
0.230329
0.231297
0.232903
0.233558
0.234846
0.236107
0.236878
0.238215
0.239207
0.240115
0.241323
0.24217
0.243139
0.244158
0.244944
0.24588
0.246727
0.247477
0.248318
0.249036
0.249741
0.250465
0.251092
0.251733
0.252346
0.2529
0.253465
0.253984
0.254474
0.254959
0.255403
0.255832
0.256244
0.256625
0.256995
0.257344
0.257671
0.257987
0.258282
0.258562
0.25883
0.25908
0.259319
0.259544
0.259756
0.259959
0.260149
0.260328
0.260499
0.260659
0.260811
0.260954
0.261089
0.261217
0.261338
0.261451
0.261559
0.26166
0.261756
0.261846
0.261931
0.262011
0.262087
0.262158
0.262225
0.262289
0.262348
0.262405
0.262458
0.262508
0.262555
0.262599
