0.173208
0.172709
0.172214
0.172076
0.171702
0.171478
0.171297
0.171129
0.170904
0.170734
0.170703
0.170458
0.170389
0.170358
0.170159
0.170202
0.170115
0.170012
0.170106
0.169996
0.17
0.170076
0.169992
0.170072
0.170107
0.170083
0.170189
0.170198
0.170234
0.170332
0.170346
0.170423
0.1705
0.170533
0.170622
0.17068
0.170732
0.170815
0.170866
0.170929
0.171001
0.171053
0.171121
0.171183
0.171236
0.171299
0.171352
0.171404
0.17146
0.171506
0.171556
0.171603
0.171645
0.171689
0.171729
0.171767
0.171806
0.17184
0.171874
0.171906
0.171936
0.171966
0.171994
0.17202
0.172045
0.172068
0.172091
0.172112
0.172132
0.172151
0.172169
0.172187
0.172203
0.172219
0.172234
0.172248
0.172261
0.172274
0.172286
0.172297
0.172307
0.172318
0.172327
0.172336
0.172345
0.172353
0.17236
0.172367
0.172374
0.17238
0.172386
0.172392
0.172397
0.172402
0.172407
0.172411
0.172416
0.17242
0.172423
