0.0381061
0.0379246
0.0376106
0.03771
0.0375393
0.0374594
0.0374589
0.0373302
0.0373134
0.0372725
0.0372093
0.037188
0.0371504
0.0371246
0.0370961
0.037083
0.037064
0.0370439
0.0370508
0.0370306
0.0370285
0.0370405
0.0370259
0.0370409
0.0370483
0.0370444
0.0370667
0.0370697
0.0370793
0.0371019
0.0371072
0.0371259
0.0371444
0.0371539
0.0371753
0.0371902
0.0372037
0.037224
0.037237
0.0372531
0.0372714
0.037285
0.0373022
0.0373178
0.0373318
0.037348
0.0373615
0.0373749
0.037389
0.0374011
0.0374137
0.0374258
0.0374367
0.037448
0.0374583
0.0374682
0.0374781
0.0374871
0.0374958
0.0375042
0.037512
0.0375196
0.0375267
0.0375335
0.03754
0.0375461
0.0375519
0.0375574
0.0375626
0.0375676
0.0375723
0.0375768
0.0375811
0.0375851
0.037589
0.0375926
0.0375961
0.0375993
0.0376025
0.0376054
0.0376082
0.0376108
0.0376133
0.0376156
0.0376178
0.0376199
0.0376218
0.0376237
0.0376254
0.0376271
0.0376286
0.0376301
0.0376315
0.0376329
0.0376341
0.0376353
0.0376364
0.0376374
0.0376384
