0.070975
0.0706488
0.0710354
0.0701886
0.0703191
0.0703201
0.0697902
0.0705214
0.0699281
0.0698004
0.0706472
0.0698938
0.0702928
0.0707899
0.0702842
0.0711147
0.0711818
0.0711302
0.0720584
0.0719239
0.0723373
0.0730719
0.0730164
0.0737266
0.074198
0.0743755
0.075149
0.0754573
0.0758672
0.0765431
0.0768226
0.0773661
0.077898
0.0782254
0.0787887
0.0792084
0.0795924
0.0801015
0.0804598
0.0808685
0.0812986
0.0816308
0.0820257
0.0823836
0.0827005
0.0830552
0.0833587
0.0836564
0.0839619
0.0842263
0.084497
0.0847557
0.0849896
0.0852278
0.0854469
0.0856537
0.0858585
0.0860456
0.0862266
0.0864005
0.0865611
0.0867174
0.0868645
0.0870025
0.0871358
0.0872603
0.0873785
0.0874914
0.0875969
0.0876976
0.0877929
0.0878823
0.0879676
0.0880479
0.0881237
0.0881957
0.0882633
0.0883273
0.0883879
0.0884448
0.0884988
0.0885497
0.0885976
0.088643
0.0886857
0.088726
0.0887641
0.0887999
0.0888338
0.0888657
0.0888958
0.0889242
0.088951
0.0889762
0.089
0.0890224
0.0890435
0.0890634
0.0890822
