0.0383826
0.0382178
0.0380016
0.0379956
0.0378549
0.0377755
0.037746
0.037648
0.0376091
0.0375629
0.0375159
0.0374765
0.0374428
0.0374202
0.0373817
0.0373739
0.037352
0.0373292
0.0373406
0.0373159
0.037313
0.0373263
0.0373092
0.0373257
0.037333
0.0373276
0.0373506
0.0373524
0.0373619
0.0373857
0.0373904
0.0374091
0.0374275
0.0374361
0.0374573
0.0374718
0.037485
0.0375055
0.0375185
0.0375349
0.0375537
0.0375674
0.0375848
0.0376004
0.0376143
0.0376305
0.0376439
0.0376572
0.0376714
0.0376834
0.037696
0.0377081
0.0377191
0.0377305
0.0377409
0.0377509
0.0377609
0.03777
0.0377789
0.0377875
0.0377953
0.0378031
0.0378103
0.0378172
0.0378238
0.03783
0.0378359
0.0378415
0.0378468
0.0378518
0.0378566
0.0378612
0.0378655
0.0378695
0.0378733
0.037877
0.0378804
0.0378836
0.0378867
0.0378896
0.0378924
0.037895
0.0378974
0.0378997
0.0379019
0.037904
0.0379059
0.0379078
0.0379095
0.0379111
0.0379127
0.0379141
0.0379155
0.0379168
0.0379181
0.0379193
0.0379204
0.0379214
0.0379224
