0.083705
0.0834741
0.083399
0.0831275
0.0829765
0.0828422
0.08271
0.0826133
0.0824851
0.0823842
0.0823249
0.0822109
0.0821477
0.0820995
0.0820089
0.0819886
0.0819348
0.0818781
0.0818837
0.0818295
0.0818128
0.0818215
0.08178
0.0817946
0.0817961
0.0817782
0.0818072
0.0818033
0.0818095
0.0818394
0.08184
0.081864
0.0818889
0.081898
0.0819287
0.0819484
0.0819662
0.0819961
0.0820139
0.0820371
0.0820638
0.0820828
0.0821087
0.0821319
0.082152
0.0821764
0.0821968
0.0822171
0.0822388
0.0822571
0.0822766
0.0822954
0.0823122
0.0823299
0.0823462
0.0823616
0.0823771
0.0823912
0.0824049
0.0824182
0.0824304
0.0824424
0.0824538
0.0824644
0.0824748
0.0824845
0.0824937
0.0825025
0.0825108
0.0825187
0.0825262
0.0825333
0.0825401
0.0825466
0.0825527
0.0825585
0.0825641
0.0825693
0.0825743
0.082579
0.0825834
0.0825876
0.0825916
0.0825953
0.0825989
0.0826022
0.0826054
0.0826083
0.0826112
0.0826138
0.0826163
0.0826187
0.0826209
0.082623
0.082625
0.0826268
0.0826286
0.0826303
0.0826318
