0.0836624
0.0834554
0.0834979
0.083108
0.0829943
0.0828633
0.0826973
0.0826417
0.0824873
0.0823808
0.0823455
0.0822081
0.0821523
0.0821103
0.0820065
0.0819961
0.0819393
0.0818785
0.0818914
0.0818319
0.0818154
0.081827
0.0817819
0.081799
0.0818008
0.081781
0.081812
0.0818071
0.0818133
0.0818447
0.0818445
0.081869
0.0818942
0.0819027
0.0819339
0.0819535
0.0819714
0.0820018
0.0820197
0.0820431
0.0820703
0.0820894
0.0821156
0.082139
0.0821592
0.0821839
0.0822043
0.0822247
0.0822466
0.082265
0.0822847
0.0823037
0.0823207
0.0823386
0.082355
0.0823705
0.0823862
0.0824004
0.0824142
0.0824277
0.08244
0.0824522
0.0824637
0.0824744
0.0824849
0.0824947
0.082504
0.082513
0.0825213
0.0825293
0.0825369
0.082544
0.0825509
0.0825574
0.0825636
0.0825695
0.082575
0.0825803
0.0825853
0.08259
0.0825945
0.0825987
0.0826027
0.0826065
0.08261
0.0826134
0.0826165
0.0826195
0.0826223
0.082625
0.0826275
0.0826299
0.0826321
0.0826342
0.0826362
0.0826381
0.0826399
0.0826415
0.0826431
