0.10152
0.101277
0.1025
0.100785
0.101132
0.10114
0.100372
0.10136
0.100565
0.100388
0.101376
0.100454
0.100883
0.101407
0.100808
0.101688
0.101725
0.101636
0.102601
0.102425
0.102835
0.103587
0.1035
0.104224
0.104696
0.10486
0.105653
0.105957
0.106369
0.107063
0.107339
0.107894
0.108439
0.10877
0.10935
0.109781
0.110174
0.110701
0.11107
0.111492
0.111937
0.11228
0.112689
0.113061
0.11339
0.113759
0.114075
0.114386
0.114705
0.114981
0.115264
0.115535
0.11578
0.11603
0.11626
0.116477
0.116692
0.116889
0.117079
0.117262
0.117431
0.117595
0.11775
0.117896
0.118036
0.118167
0.118292
0.118411
0.118523
0.118629
0.118729
0.118824
0.118914
0.118999
0.119079
0.119155
0.119226
0.119294
0.119358
0.119418
0.119475
0.119529
0.119579
0.119627
0.119672
0.119715
0.119755
0.119793
0.119829
0.119863
0.119894
0.119924
0.119953
0.119979
0.120005
0.120028
0.120051
0.120072
0.120092
