0.00911305
0.00908006
0.0090872
0.00900584
0.00899266
0.00897535
0.00895337
0.00894975
0.0089333
0.00892316
0.00891977
0.00890758
0.00890258
0.00889826
0.00888962
0.00888756
0.00888248
0.00887762
0.0088772
0.00887228
0.00887011
0.00886956
0.00886635
0.00886638
0.00886537
0.00886319
0.00886338
0.00886165
0.00886136
0.00886227
0.00886168
0.00886236
0.00886288
0.00886261
0.00886337
0.00886363
0.00886386
0.00886466
0.00886484
0.00886541
0.00886654
0.00886725
0.00886823
0.00886907
0.00886983
0.00887069
0.00887136
0.00887205
0.00887287
0.00887351
0.00887419
0.00887485
0.00887545
0.0088761
0.00887669
0.00887726
0.00887786
0.00887838
0.00887887
0.00887935
0.0088798
0.00888024
0.00888066
0.00888105
0.00888143
0.00888179
0.00888214
0.00888247
0.00888278
0.00888308
0.00888337
0.00888366
0.00888393
0.00888418
0.00888443
0.00888467
0.00888489
0.0088851
0.00888532
0.00888552
0.00888571
0.00888588
0.00888605
0.00888621
0.00888636
0.0088865
0.00888664
0.00888676
0.00888689
0.008887
0.00888711
0.00888721
0.00888732
0.00888741
0.00888751
0.00888759
0.00888768
0.00888775
0.00888783
