0.00939775
0.00936215
0.00936686
0.00928239
0.00926679
0.00924768
0.00922529
0.00921936
0.00920276
0.00919193
0.00918703
0.00917489
0.00916899
0.0091639
0.00915511
0.00915223
0.00914678
0.00914166
0.00914063
0.00913543
0.00913285
0.00913191
0.00912849
0.00912819
0.00912689
0.00912447
0.00912439
0.00912244
0.00912196
0.0091227
0.00912195
0.00912244
0.00912278
0.00912237
0.00912296
0.00912308
0.00912316
0.00912384
0.00912392
0.0091244
0.00912542
0.00912604
0.00912693
0.00912769
0.00912838
0.00912918
0.00912979
0.00913043
0.00913118
0.00913178
0.00913241
0.00913302
0.00913358
0.0091342
0.00913476
0.00913531
0.00913588
0.00913637
0.00913684
0.00913731
0.00913773
0.00913815
0.00913855
0.00913892
0.00913929
0.00913964
0.00913997
0.00914029
0.00914058
0.00914087
0.00914114
0.00914142
0.00914168
0.00914191
0.00914215
0.00914237
0.00914258
0.00914278
0.00914299
0.00914318
0.00914335
0.00914352
0.00914368
0.00914383
0.00914397
0.00914411
0.00914424
0.00914436
0.00914447
0.00914458
0.00914468
0.00914478
0.00914488
0.00914498
0.00914506
0.00914515
0.00914523
0.0091453
0.00914537
