0.0120956
0.0120215
0.0119749
0.0119171
0.0118861
0.0118663
0.0118281
0.0118496
0.0118053
0.0117879
0.0118294
0.0117754
0.0117927
0.0118186
0.0117798
0.0118295
0.0118292
0.0118212
0.0118811
0.0118678
0.0118933
0.0119422
0.0119353
0.0119834
0.0120147
0.012025
0.0120789
0.0120991
0.0121274
0.0121757
0.0121948
0.012234
0.0122724
0.0122957
0.012337
0.0123677
0.0123957
0.0124336
0.0124599
0.0124903
0.0125227
0.0125476
0.0125775
0.0126047
0.0126288
0.012656
0.0126792
0.012702
0.0127256
0.012746
0.0127669
0.012787
0.0128051
0.0128237
0.0128407
0.0128569
0.0128729
0.0128875
0.0129017
0.0129153
0.0129279
0.0129402
0.0129518
0.0129627
0.0129732
0.012983
0.0129923
0.0130013
0.0130096
0.0130176
0.0130252
0.0130323
0.0130391
0.0130454
0.0130515
0.0130572
0.0130626
0.0130677
0.0130725
0.0130771
0.0130814
0.0130855
0.0130893
0.013093
0.0130964
0.0130996
0.0131027
0.0131055
0.0131082
0.0131108
0.0131132
0.0131155
0.0131177
0.0131197
0.0131216
0.0131234
0.0131251
0.0131267
0.0131282
