0.219204
0.21863
0.220142
0.217688
0.218251
0.218335
0.21693
0.218964
0.217437
0.217137
0.219339
0.217429
0.218453
0.219699
0.218435
0.220489
0.220644
0.220506
0.222763
0.22242
0.22341
0.225175
0.225023
0.226723
0.227843
0.228254
0.2301
0.230826
0.231795
0.233404
0.234059
0.235349
0.236611
0.237382
0.238721
0.239715
0.240624
0.241833
0.242681
0.24365
0.244671
0.245457
0.246394
0.247242
0.247993
0.248835
0.249554
0.25026
0.250984
0.251611
0.252253
0.252867
0.253421
0.253986
0.254506
0.254997
0.255483
0.255926
0.256356
0.256768
0.257149
0.25752
0.257869
0.258196
0.258513
0.258808
0.259089
0.259357
0.259607
0.259846
0.260072
0.260284
0.260487
0.260677
0.260857
0.261027
0.261188
0.26134
0.261483
0.261618
0.261746
0.261867
0.261981
0.262088
0.26219
0.262285
0.262375
0.26246
0.262541
0.262616
0.262688
0.262755
0.262819
0.262878
0.262935
0.262988
0.263038
0.263085
0.26313
