0.17303
0.172554
0.172182
0.171939
0.171611
0.171396
0.171188
0.171056
0.170814
0.170644
0.170625
0.170371
0.170305
0.170275
0.170076
0.17012
0.170033
0.169929
0.170021
0.169912
0.169914
0.169986
0.169903
0.169982
0.170015
0.16999
0.170093
0.170101
0.170135
0.170231
0.170244
0.170318
0.170393
0.170425
0.170511
0.170568
0.170618
0.170699
0.170747
0.170809
0.170879
0.170929
0.170995
0.171055
0.171107
0.171168
0.171219
0.17127
0.171323
0.171369
0.171417
0.171462
0.171504
0.171546
0.171586
0.171623
0.17166
0.171694
0.171726
0.171758
0.171787
0.171815
0.171842
0.171868
0.171892
0.171915
0.171937
0.171958
0.171977
0.171996
0.172014
0.17203
0.172046
0.172062
0.172076
0.17209
0.172103
0.172115
0.172127
0.172138
0.172148
0.172158
0.172167
0.172176
0.172184
0.172192
0.172199
0.172206
0.172213
0.172219
0.172225
0.172231
0.172236
0.172241
0.172245
0.17225
0.172254
0.172258
0.172261
