0.172784
0.172399
0.17255
0.1718
0.171635
0.17144
0.171098
0.171141
0.170795
0.170606
0.170689
0.170344
0.170311
0.170309
0.170059
0.170146
0.170048
0.169931
0.170056
0.169927
0.169932
0.170018
0.169922
0.170013
0.170049
0.170018
0.17013
0.170135
0.170171
0.170274
0.170286
0.170362
0.170439
0.170469
0.170558
0.170615
0.170666
0.170749
0.170799
0.170862
0.170935
0.170987
0.171055
0.171115
0.171168
0.17123
0.171282
0.171333
0.171388
0.171434
0.171483
0.17153
0.171572
0.171615
0.171655
0.171693
0.171731
0.171766
0.171799
0.171832
0.171861
0.171891
0.171918
0.171944
0.171969
0.171993
0.172015
0.172036
0.172056
0.172075
0.172094
0.172111
0.172127
0.172142
0.172157
0.172171
0.172184
0.172196
0.172208
0.172219
0.17223
0.172239
0.172249
0.172258
0.172266
0.172274
0.172281
0.172288
0.172295
0.172301
0.172307
0.172313
0.172318
0.172323
0.172328
0.172332
0.172336
0.17234
0.172344
