0.0378778
0.0377332
0.0375844
0.037538
0.0374247
0.0373545
0.0373188
0.0372408
0.0371983
0.0371549
0.037116
0.0370749
0.037044
0.0370229
0.0369852
0.0369776
0.0369559
0.0369335
0.0369428
0.0369187
0.0369148
0.0369256
0.0369088
0.036923
0.0369288
0.0369229
0.0369432
0.0369441
0.0369521
0.0369736
0.0369775
0.0369942
0.0370108
0.0370183
0.0370376
0.0370507
0.0370627
0.0370817
0.0370936
0.0371089
0.0371264
0.0371391
0.0371551
0.0371696
0.0371824
0.0371972
0.0372096
0.0372219
0.0372351
0.0372463
0.037258
0.0372693
0.0372795
0.0372902
0.0373
0.0373094
0.0373188
0.0373274
0.0373357
0.0373438
0.0373513
0.0373586
0.0373655
0.0373719
0.0373782
0.0373841
0.0373897
0.0373951
0.0374001
0.0374049
0.0374095
0.0374138
0.0374179
0.0374217
0.0374253
0.0374288
0.037432
0.0374351
0.037438
0.0374408
0.0374434
0.0374458
0.0374481
0.0374503
0.0374524
0.0374543
0.0374562
0.0374579
0.0374596
0.0374611
0.0374626
0.037464
0.0374653
0.0374665
0.0374677
0.0374688
0.0374699
0.0374708
0.0374718
