0.0713216
0.0710035
0.07144
0.070559
0.0707137
0.0707219
0.0701799
0.0709334
0.070331
0.0702028
0.0710595
0.0702985
0.0706999
0.0711978
0.0706886
0.0715193
0.0715844
0.0715309
0.0724569
0.0723206
0.0727317
0.0734633
0.0734061
0.0741131
0.0745818
0.0747574
0.0755276
0.0758338
0.0762414
0.0769142
0.0771918
0.0777327
0.0782621
0.0785876
0.0791486
0.0795663
0.0799486
0.0804556
0.0808124
0.0812194
0.0816478
0.0819786
0.0823719
0.0827284
0.083044
0.0833973
0.0836996
0.0839962
0.0843005
0.084564
0.0848337
0.0850914
0.0853245
0.0855618
0.0857802
0.0859863
0.0861904
0.0863769
0.0865573
0.0867306
0.0868907
0.0870465
0.0871931
0.0873307
0.0874636
0.0875877
0.0877056
0.0878181
0.0879233
0.0880237
0.0881187
0.0882079
0.0882929
0.088373
0.0884485
0.0885203
0.0885877
0.0886515
0.0887119
0.0887687
0.0888225
0.0888732
0.088921
0.0889662
0.0890088
0.089049
0.089087
0.0891227
0.0891564
0.0891883
0.0892183
0.0892466
0.0892732
0.0892984
0.0893221
0.0893445
0.0893655
0.0893854
0.0894041
