0.0381809
0.0380442
0.0379039
0.0378788
0.0377772
0.037715
0.0376798
0.037609
0.0375662
0.0375236
0.0374857
0.0374443
0.0374131
0.0373906
0.0373536
0.0373438
0.0373212
0.0372975
0.037303
0.0372798
0.0372748
0.0372828
0.0372656
0.0372769
0.0372809
0.0372747
0.0372926
0.0372928
0.0372991
0.0373178
0.0373206
0.0373359
0.0373512
0.0373583
0.0373764
0.0373887
0.0374
0.0374177
0.0374287
0.0374426
0.0374587
0.0374704
0.0374855
0.0374991
0.0375112
0.0375253
0.0375371
0.0375488
0.0375613
0.037572
0.0375831
0.0375938
0.0376035
0.0376136
0.0376229
0.0376317
0.0376406
0.0376487
0.0376565
0.0376641
0.0376711
0.037678
0.0376845
0.0376905
0.0376965
0.037702
0.0377073
0.0377123
0.0377171
0.0377216
0.0377259
0.03773
0.0377339
0.0377376
0.0377411
0.0377445
0.0377476
0.0377506
0.0377535
0.0377561
0.0377587
0.0377611
0.0377633
0.0377655
0.0377675
0.0377694
0.0377712
0.0377729
0.0377745
0.037776
0.0377774
0.0377788
0.03778
0.0377812
0.0377824
0.0377835
0.0377845
0.0377854
0.0377863
