0.0689987
0.0688378
0.0695782
0.0684993
0.0686419
0.0685917
0.0681798
0.0685786
0.0681755
0.0680539
0.0684206
0.0679939
0.0681243
0.0682909
0.0680126
0.0683191
0.0682955
0.0682254
0.0685631
0.0684619
0.0685882
0.0688467
0.0687855
0.0690354
0.06919
0.0692281
0.0695083
0.0696029
0.0697408
0.0699873
0.0700747
0.0702704
0.0704633
0.0705752
0.0707844
0.0709367
0.071076
0.0712677
0.0713989
0.0715517
0.0717138
0.0718369
0.0719869
0.0721228
0.0722432
0.07238
0.0724965
0.0726113
0.0727301
0.0728325
0.072938
0.0730392
0.0731306
0.0732243
0.0733105
0.0733919
0.0734728
0.0735466
0.0736182
0.0736872
0.0737509
0.073813
0.0738716
0.0739265
0.0739798
0.0740295
0.0740767
0.0741219
0.0741642
0.0742046
0.0742428
0.0742786
0.0743128
0.074345
0.0743755
0.0744043
0.0744315
0.0744572
0.0744815
0.0745044
0.0745261
0.0745465
0.0745658
0.0745841
0.0746013
0.0746175
0.0746329
0.0746473
0.074661
0.0746738
0.074686
0.0746974
0.0747083
0.0747185
0.0747281
0.0747372
0.0747457
0.0747538
0.0747614
