0.0598563
0.0597148
0.0598207
0.0594738
0.0594203
0.0593367
0.059207
0.0591961
0.0590789
0.0590068
0.0589959
0.0588943
0.0588602
0.0588336
0.0587602
0.0587535
0.058713
0.0586698
0.0586733
0.0586307
0.0586154
0.0586164
0.0585834
0.0585866
0.0585809
0.0585634
0.0585744
0.0585655
0.0585626
0.0585736
0.0585677
0.0585757
0.0585839
0.0585834
0.0585952
0.058601
0.058606
0.0586178
0.0586232
0.0586317
0.0586422
0.0586485
0.0586587
0.0586676
0.058675
0.0586849
0.0586928
0.0587007
0.0587095
0.0587166
0.0587245
0.0587322
0.058739
0.0587465
0.0587532
0.0587596
0.0587662
0.0587721
0.0587778
0.0587835
0.0587886
0.0587937
0.0587986
0.0588031
0.0588075
0.0588116
0.0588155
0.0588193
0.0588228
0.0588262
0.0588295
0.0588325
0.0588354
0.0588381
0.0588407
0.0588432
0.0588456
0.0588479
0.05885
0.058852
0.0588539
0.0588557
0.0588574
0.058859
0.0588606
0.058862
0.0588633
0.0588646
0.0588658
0.058867
0.058868
0.0588691
0.05887
0.0588709
0.0588718
0.0588726
0.0588733
0.0588741
0.0588747
