0.0597136
0.0595932
0.0597784
0.0593499
0.0593209
0.0592374
0.0590843
0.0590983
0.0589641
0.0588878
0.0588911
0.0587748
0.0587447
0.0587218
0.0586401
0.0586393
0.0585968
0.0585508
0.0585587
0.0585126
0.0584976
0.0585005
0.0584651
0.0584698
0.0584644
0.0584457
0.0584582
0.0584488
0.0584459
0.0584578
0.0584515
0.0584599
0.0584686
0.0584678
0.0584803
0.0584861
0.0584912
0.0585036
0.058509
0.0585179
0.0585287
0.0585351
0.0585457
0.0585548
0.0585624
0.0585726
0.0585807
0.0585888
0.0585979
0.0586051
0.0586132
0.0586211
0.0586281
0.0586357
0.0586427
0.0586493
0.058656
0.058662
0.058668
0.0586738
0.058679
0.0586843
0.0586892
0.0586938
0.0586984
0.0587026
0.0587067
0.0587106
0.0587142
0.0587176
0.058721
0.0587241
0.058727
0.0587298
0.0587325
0.0587351
0.0587375
0.0587398
0.058742
0.0587441
0.058746
0.0587479
0.0587496
0.0587513
0.0587528
0.0587543
0.0587557
0.058757
0.0587582
0.0587594
0.0587605
0.0587615
0.0587625
0.0587634
0.0587643
0.0587651
0.0587659
0.0587667
0.0587674
