0.00880189
0.00876923
0.00878078
0.00869207
0.00868006
0.00866261
0.00864044
0.00863722
0.00862143
0.00861179
0.00860814
0.00859706
0.00859209
0.00858761
0.00857991
0.00857723
0.00857242
0.00856798
0.00856665
0.00856217
0.0085597
0.00855842
0.00855555
0.00855482
0.00855335
0.0085511
0.00855036
0.00854836
0.00854765
0.00854774
0.00854691
0.0085469
0.00854674
0.0085461
0.00854609
0.00854581
0.00854553
0.00854562
0.00854533
0.00854534
0.00854585
0.0085461
0.00854651
0.00854685
0.00854716
0.00854751
0.00854774
0.00854801
0.00854837
0.00854862
0.0085489
0.00854917
0.00854942
0.00854972
0.00854999
0.00855025
0.00855054
0.00855077
0.00855099
0.00855121
0.00855141
0.00855161
0.0085518
0.00855198
0.00855216
0.00855232
0.00855248
0.00855264
0.00855278
0.00855293
0.00855306
0.00855321
0.00855334
0.00855347
0.00855359
0.00855371
0.00855383
0.00855393
0.00855405
0.00855416
0.00855426
0.00855435
0.00855444
0.00855453
0.00855461
0.00855468
0.00855476
0.00855483
0.00855489
0.00855496
0.00855502
0.00855508
0.00855514
0.00855519
0.00855525
0.0085553
0.00855534
0.00855539
0.00855543
