0.00849435
0.00846468
0.00848068
0.00839275
0.00838378
0.00836816
0.00834587
0.00834563
0.00832963
0.00832064
0.00831893
0.00830749
0.00830358
0.00830002
0.00829232
0.00829066
0.00828622
0.00828206
0.00828152
0.00827727
0.00827525
0.00827443
0.00827178
0.00827147
0.00827032
0.00826832
0.0082679
0.00826612
0.00826564
0.00826597
0.00826531
0.00826552
0.00826555
0.00826506
0.00826522
0.00826509
0.00826496
0.00826519
0.00826501
0.00826514
0.00826578
0.00826614
0.00826666
0.00826708
0.00826746
0.00826787
0.00826817
0.0082685
0.00826892
0.00826923
0.00826956
0.00826988
0.00827017
0.00827051
0.00827081
0.00827111
0.00827142
0.00827169
0.00827194
0.00827218
0.00827241
0.00827263
0.00827284
0.00827304
0.00827324
0.00827343
0.00827361
0.00827378
0.00827395
0.0082741
0.00827426
0.00827442
0.00827457
0.00827471
0.00827485
0.00827498
0.00827511
0.00827523
0.00827536
0.00827547
0.00827558
0.00827568
0.00827578
0.00827587
0.00827596
0.00827605
0.00827612
0.0082762
0.00827627
0.00827634
0.0082764
0.00827647
0.00827653
0.00827659
0.00827665
0.0082767
0.00827676
0.0082768
0.00827685
