0.010357
0.0102884
0.0102115
0.0101947
0.0101516
0.0101297
0.0101165
0.0101016
0.0100843
0.0100723
0.0100749
0.0100547
0.010054
0.0100579
0.0100415
0.0100548
0.0100518
0.0100462
0.0100658
0.0100586
0.0100664
0.0100835
0.0100793
0.0100968
0.0101077
0.0101104
0.0101308
0.0101375
0.0101481
0.010167
0.010174
0.0101894
0.0102046
0.0102136
0.0102301
0.0102423
0.0102535
0.0102688
0.0102793
0.0102915
0.0103048
0.010315
0.0103273
0.0103385
0.0103486
0.0103599
0.0103695
0.010379
0.0103889
0.0103975
0.0104062
0.0104146
0.0104223
0.0104301
0.0104373
0.0104441
0.0104509
0.0104571
0.0104631
0.0104689
0.0104742
0.0104794
0.0104843
0.0104889
0.0104934
0.0104976
0.0105016
0.0105054
0.010509
0.0105124
0.0105156
0.0105186
0.0105215
0.0105243
0.0105269
0.0105293
0.0105317
0.0105339
0.0105359
0.0105379
0.0105398
0.0105415
0.0105432
0.0105447
0.0105462
0.0105476
0.0105489
0.0105502
0.0105514
0.0105525
0.0105535
0.0105545
0.0105554
0.0105563
0.0105572
0.010558
0.0105587
0.0105594
0.0105601
