8.84055e-006
8.86383e-006
8.88578e-006
8.90656e-006
8.92633e-006
8.94525e-006
8.96347e-006
8.98115e-006
8.99842e-006
9.01542e-006
9.0323e-006
9.04917e-006
9.06616e-006
9.08339e-006
9.10095e-006
9.11895e-006
9.13747e-006
9.15661e-006
9.17642e-006
9.19697e-006
9.21831e-006
9.2405e-006
9.26355e-006
9.2875e-006
9.31236e-006
9.33814e-006
9.36482e-006
9.3924e-006
9.42085e-006
9.45014e-006
9.48023e-006
9.51107e-006
9.54259e-006
9.57474e-006
9.60745e-006
9.64063e-006
9.67419e-006
9.70806e-006
9.74212e-006
9.77627e-006
9.81042e-006
9.84445e-006
9.87825e-006
9.91169e-006
9.94466e-006
9.97704e-006
1.00087e-005
1.00395e-005
1.00694e-005
1.00982e-005
1.01257e-005
