1.27091e+007
1.26903e+007
1.26715e+007
1.26527e+007
1.26339e+007
1.26151e+007
1.25963e+007
1.25775e+007
1.25587e+007
1.25398e+007
1.2521e+007
1.25022e+007
1.24833e+007
1.24645e+007
1.24456e+007
1.24268e+007
1.24079e+007
1.2389e+007
1.23702e+007
1.23513e+007
1.23324e+007
1.23135e+007
1.22946e+007
1.22758e+007
1.22569e+007
1.22379e+007
1.2219e+007
1.22001e+007
1.21812e+007
1.21623e+007
1.21434e+007
1.21244e+007
1.21055e+007
1.20865e+007
1.20676e+007
1.20486e+007
1.20297e+007
1.20107e+007
1.19918e+007
1.19728e+007
1.19538e+007
1.19348e+007
1.19158e+007
1.18968e+007
1.18778e+007
1.18588e+007
1.18398e+007
1.18208e+007
1.18018e+007
1.17828e+007
1.17637e+007
