4.63409e+006
4.62263e+006
4.61107e+006
4.59941e+006
4.58765e+006
4.57579e+006
4.56383e+006
4.55177e+006
4.5396e+006
4.52733e+006
4.51494e+006
4.50244e+006
4.48983e+006
4.47711e+006
4.46426e+006
4.4513e+006
4.43821e+006
4.425e+006
4.41167e+006
4.3982e+006
4.3846e+006
4.37087e+006
4.357e+006
4.34299e+006
4.32884e+006
4.31455e+006
4.3001e+006
4.28551e+006
4.27076e+006
4.25585e+006
4.24078e+006
4.22554e+006
4.21014e+006
4.19457e+006
4.17882e+006
4.16289e+006
4.14677e+006
4.13047e+006
4.11398e+006
4.09729e+006
4.0804e+006
4.0633e+006
4.04599e+006
4.02847e+006
4.01073e+006
3.99276e+006
3.97455e+006
3.95612e+006
3.93743e+006
3.9185e+006
3.89931e+006
