0.0522778
0.052231
-6.4426e-006
0.0522444
5.85858e-006
1.49682e-005
1.6081e+007
6.81156e+006
6.81154e+006
6.81156e+006
1.60812e+007
6.81165e+006
6.81154e+006
6.81165e+006
1.60811e+007
4.6346e+006
4.63458e+006
4.6346e+006
333.573
333.568
-0.000536835
333.569
0.000421574
0.00105307
124562
124561
-0.0314758
124561
0.0649348
0.151348
1.80611
1.12302e-005
1.12294e-005
-5.7916e-011
1.12295e-005
4.54813e-011
1.1361e-010
1.20275e+007
1.20276e+007
1.20276e+007
4.6346e+006
4.63458e+006
4.6346e+006
0.0549157
0.0548637
-7.16744e-006
0.0548788
6.5426e-006
1.67242e-005
1.60414e+007
6.79456e+006
6.79454e+006
6.79456e+006
1.60416e+007
6.79466e+006
6.79454e+006
6.79466e+006
1.60416e+007
4.62327e+006
4.62326e+006
4.62327e+006
326.581
326.577
-0.000529428
326.577
0.000416491
0.00104112
121941
121941
-0.0311439
121941
0.0640432
0.149491
1.83039
1.10221e-005
1.10213e-005
-5.72569e-011
1.10215e-005
4.5043e-011
1.12596e-010
1.19982e+007
1.19983e+007
1.19982e+007
4.62327e+006
4.62326e+006
4.62327e+006
0.0575516
0.0574943
-7.90582e-006
0.0575111
7.24352e-006
1.8523e-005
1.60015e+007
6.7774e+006
6.77738e+006
6.7774e+006
1.60017e+007
6.77751e+006
6.77738e+006
6.77751e+006
1.60017e+007
4.61187e+006
4.61185e+006
4.61187e+006
319.927
319.923
-0.000510657
319.924
0.000402434
0.00100672
119448
119447
-0.0301419
119447
0.0617754
0.144415
1.85335
1.08246e-005
1.08239e-005
-5.53633e-011
1.0824e-005
4.36304e-011
1.09145e-010
1.19686e+007
1.19687e+007
1.19687e+007
4.61187e+006
4.61185e+006
4.61187e+006
0.0601856
0.0601229
-8.65606e-006
0.0601415
7.9598e-006
2.03605e-005
1.59613e+007
6.76007e+006
6.76004e+006
6.76007e+006
1.59615e+007
6.76018e+006
6.76004e+006
6.76018e+006
1.59615e+007
4.60039e+006
4.60037e+006
4.60039e+006
313.61
313.606
-0.000481103
313.607
0.000379814
0.000950854
117080
117079
-0.0284971
117079
0.0582017
0.136271
1.87491
1.06379e-005
1.06371e-005
-5.22893e-011
1.06372e-005
4.12809e-011
1.03345e-010
1.19389e+007
1.19389e+007
1.19389e+007
4.60039e+006
4.60037e+006
4.60039e+006
0.062818
0.0627499
-9.41672e-006
0.0627702
8.69009e-006
2.22331e-005
1.59208e+007
6.74257e+006
6.74254e+006
6.74257e+006
1.5921e+007
6.74269e+006
6.74254e+006
6.74269e+006
1.5921e+007
4.58884e+006
4.5888e+006
4.58883e+006
307.63
307.626
-0.000441375
307.627
0.000349069
0.000874553
114839
114838
-0.0262387
114838
0.0533958
0.125218
1.89501
1.04618e-005
1.04611e-005
-4.80922e-011
1.04612e-005
3.80348e-011
9.52914e-011
1.19089e+007
1.1909e+007
1.1909e+007
4.58884e+006
4.5888e+006
4.58883e+006
0.065449
0.0653755
-1.01866e-005
0.0653976
9.43321e-006
2.41376e-005
1.588e+007
6.72488e+006
6.72485e+006
6.72488e+006
1.58802e+007
6.72501e+006
6.72485e+006
6.72501e+006
1.58801e+007
4.5772e+006
4.57716e+006
4.5772e+006
301.985
301.982
-0.000392108
301.983
0.000310656
0.000778924
112724
112723
-0.023397
112723
0.0474349
0.11142
1.91359
1.02965e-005
1.02958e-005
-4.28327e-011
1.02959e-005
3.39355e-011
8.50874e-011
1.18788e+007
1.18788e+007
1.18788e+007
4.5772e+006
4.57716e+006
4.5772e+006
0.0680788
0.0679997
-1.09645e-005
0.0680236
1.01881e-005
2.60712e-005
1.58388e+007
6.70702e+006
6.70699e+006
6.70702e+006
1.5839e+007
6.70715e+006
6.70699e+006
6.70715e+006
1.5839e+007
4.56548e+006
4.56544e+006
4.56548e+006
296.676
296.674
-0.000333966
296.674
0.000265063
0.000665136
110734
110734
-0.0200046
110734
0.0403996
0.0950532
1.93059
1.01421e-005
1.01414e-005
-3.65751e-011
1.01415e-005
2.90293e-011
7.28441e-011
1.18484e+007
1.18485e+007
1.18485e+007
4.56548e+006
4.56544e+006
4.56548e+006
0.0707075
0.0706228
-1.17496e-005
0.0706486
1.09538e-005
2.80314e-005
1.57973e+007
6.68897e+006
6.68893e+006
6.68897e+006
1.57975e+007
6.68911e+006
6.68893e+006
6.68911e+006
1.57974e+007
4.55368e+006
4.55364e+006
4.55368e+006
291.702
291.7
-0.000267642
291.701
0.000212801
0.000534429
108870
108870
-0.0160956
108870
0.0323744
0.0763018
1.94595
9.99854e-006
9.99794e-006
-2.93874e-011
9.99806e-006
2.33661e-011
5.86809e-011
1.18179e+007
1.18179e+007
1.18179e+007
4.55368e+006
4.55364e+006
4.55368e+006
0.0733353
0.073245
-1.2541e-005
0.0732726
1.17294e-005
3.0016e-005
1.57555e+007
6.67073e+006
6.67069e+006
6.67073e+006
1.57556e+007
6.67087e+006
6.67069e+006
6.67087e+006
1.57556e+007
4.5418e+006
4.54175e+006
4.5418e+006
287.062
287.061
-0.000193859
287.061
0.000154412
0.000388113
107132
107131
-0.0117063
107131
0.0234476
0.0553595
1.95961
9.86596e-006
9.86543e-006
-2.13417e-011
9.86553e-006
1.69992e-011
4.27268e-011
1.17871e+007
1.17871e+007
1.17871e+007
4.5418e+006
4.54175e+006
4.5418e+006
0.0759622
0.0758662
-1.3338e-005
0.0758957
1.25142e-005
3.20229e-005
1.57133e+007
6.6523e+006
6.65226e+006
6.6523e+006
1.57134e+007
6.65244e+006
6.65226e+006
6.65244e+006
1.57134e+007
4.52984e+006
4.52978e+006
4.52984e+006
282.756
282.755
-0.000113375
282.755
9.04658e-005
0.000227579
105518
105518
-0.00687516
105518
0.0137113
0.0324307
1.97152
9.74439e-006
9.74394e-006
-1.25142e-011
9.74403e-006
9.98568e-012
2.512e-011
1.17561e+007
1.17561e+007
1.17561e+007
4.52984e+006
4.52978e+006
4.52984e+006
0.0785884
0.0784867
-1.414e-005
0.0785181
1.33074e-005
3.40503e-005
1.56707e+007
6.63367e+006
6.63363e+006
6.63367e+006
1.56708e+007
6.63382e+006
6.63363e+006
6.63382e+006
1.56708e+007
4.51779e+006
4.51772e+006
4.51779e+006
278.782
278.781
-2.6978e-005
278.781
2.15651e-005
5.42972e-005
104029
104029
-0.00164311
104029
0.00326222
0.00773021
1.98163
9.6339e-006
9.63354e-006
-2.98575e-012
9.63361e-006
2.38672e-012
6.00927e-012
1.17249e+007
1.17249e+007
1.17249e+007
4.51779e+006
4.51772e+006
4.51779e+006
0.081214
0.0811065
-1.49464e-005
0.0811398
1.41085e-005
3.60966e-005
1.56278e+007
6.61483e+006
6.61479e+006
6.61483e+006
1.56279e+007
6.61499e+006
6.61479e+006
6.61499e+006
1.56279e+007
4.50566e+006
4.50558e+006
4.50565e+006
275.14
275.14
6.4506e-005
275.14
-5.16554e-005
-0.000130175
102665
102665
0.00394645
102665
-0.00779887
-0.0185154
1.98989
9.53455e-006
9.53428e-006
7.15833e-012
9.53434e-006
-5.73238e-012
-1.44457e-011
1.16935e+007
1.16934e+007
1.16934e+007
4.50566e+006
4.50558e+006
4.50565e+006
0.0838389
0.0837257
-1.57567e-005
0.0837609
1.49168e-005
3.81604e-005
1.55845e+007
6.59579e+006
6.59574e+006
6.59579e+006
1.55846e+007
6.59595e+006
6.59574e+006
6.59595e+006
1.55846e+007
4.49344e+006
4.49335e+006
4.49343e+006
271.829
271.83
0.000160215
271.83
-0.000128526
-0.000324189
101424
101424
0.00984732
101424
-0.0193665
-0.0460677
1.99626
9.44641e-006
9.44624e-006
1.78276e-011
9.44628e-006
-1.43018e-011
-3.60737e-011
1.16618e+007
1.16617e+007
1.16618e+007
4.49344e+006
4.49335e+006
4.49343e+006
0.0864634
0.0863443
-1.65705e-005
0.0863815
1.57319e-005
4.02402e-005
1.55409e+007
6.57653e+006
6.57649e+006
6.57653e+006
1.55409e+007
6.57669e+006
6.57649e+006
6.57669e+006
1.55409e+007
4.48113e+006
4.48103e+006
4.48112e+006
268.848
268.85
0.000259246
268.85
-0.000208341
-0.000525999
100307
100308
0.0160103
100308
-0.0313303
-0.0746756
2.00068
9.36954e-006
9.36948e-006
2.89265e-011
9.36949e-006
-2.3247e-011
-5.86905e-011
1.16299e+007
1.16298e+007
1.16299e+007
4.48113e+006
4.48103e+006
4.48112e+006
0.0890874
0.0889625
-1.73873e-005
0.0890017
1.65532e-005
4.23349e-005
1.54969e+007
6.55706e+006
6.55701e+006
6.55706e+006
1.54969e+007
6.55722e+006
6.55701e+006
6.55722e+006
1.54969e+007
4.46873e+006
4.46862e+006
4.46872e+006
266.197
266.2
0.000360658
266.199
-0.000290356
-0.000733757
99314.2
99314.7
0.0223829
99314.7
-0.0435753
-0.104074
2.00313
9.304e-006
9.30407e-006
4.03536e-011
9.30405e-006
-3.24883e-011
-8.20992e-011
1.15978e+007
1.15977e+007
1.15977e+007
4.46873e+006
4.46862e+006
4.46872e+006
0.0917111
0.0915802
-1.82069e-005
0.0916214
1.73802e-005
4.44433e-005
1.54524e+007
6.53736e+006
6.53731e+006
6.53736e+006
1.54524e+007
6.53752e+006
6.53731e+006
6.53752e+006
1.54524e+007
4.45624e+006
4.45612e+006
4.45623e+006
263.874
263.878
0.000463465
263.877
-0.000373786
-0.000945509
98444.2
98444.8
0.0289092
98444.8
-0.0559809
-0.133985
2.00355
9.24987e-006
9.25006e-006
5.20019e-011
9.25002e-006
-4.19408e-011
-1.06088e-010
1.15655e+007
1.15653e+007
1.15654e+007
4.45624e+006
4.45612e+006
4.45623e+006
0.0943344
0.0941976
-1.90288e-005
0.0942408
1.82126e-005
4.65644e-005
1.54076e+007
6.51743e+006
6.51739e+006
6.51743e+006
1.54076e+007
6.5176e+006
6.51739e+006
6.5176e+006
1.54076e+007
4.44366e+006
4.44352e+006
4.44365e+006
261.88
261.884
0.000566636
261.883
-0.000457804
-0.00115918
97696.9
97697.7
0.0355293
97697.6
-0.0684214
-0.164115
2.00192
9.20723e-006
9.20754e-006
6.37578e-011
9.20748e-006
-5.15137e-011
-1.30432e-010
1.15329e+007
1.15327e+007
1.15328e+007
4.44366e+006
4.44352e+006
4.44365e+006
0.0969574
0.0968147
-1.98529e-005
0.0968599
1.905e-005
4.86973e-005
1.53624e+007
6.49727e+006
6.49722e+006
6.49727e+006
1.53623e+007
6.49744e+006
6.49722e+006
6.49744e+006
1.53623e+007
4.43098e+006
4.43083e+006
4.43097e+006
260.212
260.217
0.000669091
260.216
-0.000541538
-0.00137259
97072.1
97073
0.0421793
97072.9
-0.0807651
-0.194152
1.99821
9.17613e-006
9.17658e-006
7.55014e-011
9.17649e-006
-6.11102e-011
-1.54886e-010
1.15001e+007
1.14999e+007
1.14999e+007
4.43098e+006
4.43083e+006
4.43097e+006
0.0995801
0.0994316
-2.06789e-005
0.0994787
1.9892e-005
5.08412e-005
1.53168e+007
6.47687e+006
6.47682e+006
6.47687e+006
1.53166e+007
6.47703e+006
6.47682e+006
6.47703e+006
1.53167e+007
4.41821e+006
4.41805e+006
4.4182e+006
258.87
258.876
0.000769701
258.874
-0.000624069
-0.00158342
96569.3
96570.4
0.0487908
96570.3
-0.0928746
-0.223772
1.99238
9.15666e-006
9.15725e-006
8.71055e-011
9.15713e-006
-7.06272e-011
-1.79192e-010
1.14671e+007
1.14668e+007
1.14669e+007
4.41821e+006
4.41805e+006
4.4182e+006
0.102203
0.102048
-2.15065e-005
0.102097
2.07384e-005
5.29951e-005
1.52707e+007
6.45622e+006
6.45617e+006
6.45622e+006
1.52705e+007
6.45638e+006
6.45617e+006
6.45638e+006
1.52706e+007
4.40534e+006
4.40517e+006
4.40534e+006
257.853
257.859
0.000867284
257.858
-0.000704426
-0.0017892
96188.2
96189.4
0.0552904
96189.3
-0.104606
-0.252629
1.98441
9.14889e-006
9.14962e-006
9.84354e-011
9.14947e-006
-7.99545e-011
-2.03072e-010
1.14338e+007
1.14334e+007
1.14335e+007
4.40534e+006
4.40517e+006
4.40534e+006
0.104825
0.104665
-2.23355e-005
0.104716
2.15887e-005
5.51584e-005
1.52242e+007
6.43532e+006
6.43527e+006
6.43532e+006
1.5224e+007
6.43548e+006
6.43527e+006
6.43548e+006
1.5224e+007
4.39238e+006
4.39219e+006
4.39237e+006
257.159
257.166
0.0009606
257.165
-0.000781589
-0.00198734
95928.3
95929.6
0.0615994
95929.5
-0.11581
-0.28036
1.97427
9.1529e-006
9.15378e-006
1.09349e-010
9.15359e-006
-8.89749e-011
-2.26226e-010
1.14002e+007
1.13998e+007
1.13999e+007
4.39238e+006
4.39219e+006
4.39237e+006
0.107447
0.107281
-2.31658e-005
0.107334
2.24428e-005
5.73305e-005
1.51773e+007
6.41416e+006
6.41411e+006
6.41416e+006
1.5177e+007
6.41431e+006
6.41411e+006
6.41431e+006
1.51771e+007
4.37931e+006
4.37911e+006
4.37931e+006
256.788
256.796
0.00104835
256.795
-0.00085448
-0.00217509
95789.3
95790.7
0.0676333
95790.5
-0.126328
-0.306581
1.96195
9.16877e-006
9.1698e-006
1.19694e-010
9.16958e-006
-9.75631e-011
-2.48337e-010
1.13664e+007
1.1366e+007
1.13661e+007
4.37931e+006
4.37911e+006
4.37931e+006
0.110069
0.109897
-2.39971e-005
0.109952
2.33003e-005
5.95106e-005
1.51299e+007
6.39273e+006
6.39268e+006
6.39273e+006
1.51296e+007
6.39288e+006
6.39268e+006
6.39288e+006
1.51296e+007
4.36615e+006
4.36593e+006
4.36614e+006
256.739
256.748
0.00112918
256.746
-0.000921961
-0.00234953
95770.6
95772.1
0.0733014
95771.9
-0.135998
-0.330887
1.94742
9.19659e-006
9.19776e-006
1.29311e-010
9.19751e-006
-1.05586e-010
-2.69063e-010
1.13324e+007
1.13319e+007
1.1332e+007
4.36615e+006
4.36593e+006
4.36614e+006
0.112691
0.112513
-2.48294e-005
0.11257
2.4161e-005
6.16983e-005
1.50821e+007
6.37103e+006
6.37098e+006
6.37103e+006
1.50817e+007
6.37117e+006
6.37098e+006
6.37117e+006
1.50818e+007
4.35288e+006
4.35265e+006
4.35288e+006
257.01
257.02
0.00120165
257.018
-0.000982836
-0.00250758
95871.8
95873.4
0.0785059
95873.3
-0.144646
-0.352849
1.93068
9.23643e-006
9.23775e-006
1.3803e-010
9.23746e-006
-1.12901e-010
-2.88037e-010
1.1298e+007
1.12975e+007
1.12976e+007
4.35288e+006
4.35265e+006
4.35288e+006
0.115313
0.115129
-2.56625e-005
0.115188
2.50248e-005
6.38929e-005
1.50338e+007
6.34904e+006
6.34899e+006
6.34904e+006
1.50333e+007
6.34918e+006
6.34899e+006
6.34918e+006
1.50334e+007
4.33951e+006
4.33926e+006
4.3395e+006
257.601
257.61
0.00126428
257.608
-0.00103584
-0.00264596
96092.5
96094.2
0.0831418
96094
-0.152094
-0.372015
1.91172
9.28839e-006
9.28986e-006
1.45671e-010
9.28954e-006
-1.19357e-010
-3.04869e-010
1.12634e+007
1.12628e+007
1.1263e+007
4.33951e+006
4.33926e+006
4.3395e+006
0.117935
0.117745
-2.64963e-005
0.117806
2.58913e-005
6.6094e-005
1.4985e+007
6.32677e+006
6.32672e+006
6.32677e+006
1.49844e+007
6.3269e+006
6.32672e+006
6.3269e+006
1.49846e+007
4.32603e+006
4.32576e+006
4.32603e+006
258.509
258.519
0.00131548
258.517
-0.00107964
-0.00276121
96432.2
96433.9
0.0870956
96433.7
-0.158153
-0.387906
1.89053
9.35255e-006
9.35418e-006
1.52042e-010
9.35382e-006
-1.24792e-010
-3.19139e-010
1.12286e+007
1.12279e+007
1.1228e+007
4.32603e+006
4.32576e+006
4.32603e+006
0.120557
0.120361
-2.73307e-005
0.120424
2.67604e-005
6.83011e-005
1.49358e+007
6.3042e+006
6.30415e+006
6.3042e+006
1.49351e+007
6.30432e+006
6.30415e+006
6.30432e+006
1.49352e+007
4.31245e+006
4.31215e+006
4.31244e+006
259.734
259.744
0.00135361
259.742
-0.00111282
-0.00284964
96890.2
96892
0.0902453
96891.8
-0.162627
-0.400015
1.86711
9.42902e-006
9.43079e-006
1.56943e-010
9.43039e-006
-1.29033e-010
-3.30398e-010
1.11934e+007
1.11927e+007
1.11928e+007
4.31245e+006
4.31215e+006
4.31244e+006
0.123179
0.122976
-2.81655e-005
0.123042
2.76318e-005
7.05138e-005
1.4886e+007
6.28132e+006
6.28127e+006
6.28132e+006
1.48852e+007
6.28143e+006
6.28127e+006
6.28143e+006
1.48854e+007
4.29876e+006
4.29844e+006
4.29875e+006
261.274
261.284
0.00137694
261.282
-0.00113391
-0.00290737
97466.2
97468
0.0924586
97467.8
-0.16531
-0.407805
1.84145
9.51788e-006
9.5198e-006
1.60155e-010
9.51936e-006
-1.31898e-010
-3.38165e-010
1.1158e+007
1.11572e+007
1.11574e+007
4.29876e+006
4.29844e+006
4.29875e+006
0.125801
0.125592
-2.90007e-005
0.12566
2.85056e-005
7.27316e-005
1.48357e+007
6.25813e+006
6.25808e+006
6.25813e+006
1.48348e+007
6.25823e+006
6.25808e+006
6.25823e+006
1.4835e+007
4.28495e+006
4.28461e+006
4.28494e+006
263.127
263.138
0.00138363
263.135
-0.00114134
-0.00293025
98159.5
98161.3
0.0935931
98161.1
-0.165987
-0.410709
1.81358
9.61923e-006
9.6213e-006
1.61452e-010
9.62083e-006
-1.3319e-010
-3.41925e-010
1.11223e+007
1.11214e+007
1.11216e+007
4.28495e+006
4.28461e+006
4.28494e+006
0.128423
0.128208
-2.98361e-005
0.128278
2.93813e-005
7.49542e-005
1.47849e+007
6.23461e+006
6.23457e+006
6.23461e+006
1.47839e+007
6.2347e+006
6.23457e+006
6.2347e+006
1.47841e+007
4.27103e+006
4.27067e+006
4.27102e+006
265.293
265.304
0.00137177
265.301
-0.00113344
-0.0029139
98969.6
98971.4
0.0934944
98971.1
-0.164433
-0.408123
1.78349
9.73317e-006
9.73539e-006
1.6059e-010
9.73488e-006
-1.327e-010
-3.41124e-010
1.10863e+007
1.10853e+007
1.10855e+007
4.27103e+006
4.27067e+006
4.27102e+006
0.131045
0.130824
-3.06718e-005
0.130896
3.0259e-005
7.71812e-005
1.47336e+007
6.21077e+006
6.21073e+006
6.21077e+006
1.47324e+007
6.21084e+006
6.21073e+006
6.21084e+006
1.47327e+007
4.257e+006
4.25661e+006
4.25699e+006
267.77
267.78
0.00133935
267.778
-0.00110848
-0.00285365
99895.8
99897.5
0.0919955
99897.3
-0.160409
-0.399408
1.75121
9.85982e-006
9.86218e-006
1.57311e-010
9.86163e-006
-1.30206e-010
-3.35173e-010
1.105e+007
1.10489e+007
1.10492e+007
4.257e+006
4.25661e+006
4.25699e+006
0.133666
0.13344
-3.15077e-005
0.133514
3.11385e-005
7.94123e-005
1.46817e+007
6.18657e+006
6.18654e+006
6.18657e+006
1.46804e+007
6.18663e+006
6.18654e+006
6.18663e+006
1.46807e+007
4.24285e+006
4.24243e+006
4.24284e+006
270.555
270.565
0.00128422
270.563
-0.0010646
-0.00274456
100938
100939
0.0889155
100939
-0.15367
-0.383885
1.71675
9.99927e-006
1.00018e-005
1.5134e-010
1.00012e-005
-1.2547e-010
-3.23435e-010
1.10134e+007
1.10122e+007
1.10125e+007
4.24285e+006
4.24243e+006
4.24284e+006
0.136289
0.136056
-3.23436e-005
0.136132
3.20195e-005
8.16472e-005
1.46292e+007
6.16203e+006
6.162e+006
6.16203e+006
1.46278e+007
6.16207e+006
6.162e+006
6.16207e+006
1.46282e+007
4.22858e+006
4.22814e+006
4.22857e+006
273.648
273.657
0.00120416
273.655
-0.00099985
-0.00258138
102094
102096
0.0840582
102095
-0.143955
-0.360831
1.68014
1.01516e-005
1.01543e-005
1.42384e-010
1.01537e-005
-1.18238e-010
-3.05231e-010
1.09765e+007
1.09751e+007
1.09755e+007
4.22858e+006
4.22814e+006
4.22857e+006
0.138911
0.138672
-3.31795e-005
0.13875
3.29021e-005
8.38855e-005
1.45762e+007
6.13712e+006
6.13709e+006
6.13712e+006
1.45747e+007
6.13714e+006
6.13709e+006
6.13714e+006
1.4575e+007
4.21418e+006
4.21372e+006
4.21417e+006
277.047
277.055
0.00109681
277.053
-0.00091217
-0.00235851
103365
103366
0.0772107
103366
-0.130991
-0.32948
1.64141
1.03171e-005
1.03198e-005
1.30133e-010
1.03192e-005
-1.08238e-010
-2.79831e-010
1.09392e+007
1.09378e+007
1.09382e+007
4.21418e+006
4.21372e+006
4.21417e+006
0.141533
0.141288
-3.40154e-005
0.141368
3.37861e-005
8.6127e-005
1.45225e+007
6.11183e+006
6.11181e+006
6.11183e+006
1.45209e+007
6.11184e+006
6.11181e+006
6.11184e+006
1.45213e+007
4.19967e+006
4.19917e+006
4.19966e+006
280.749
280.756
0.000959652
280.754
-0.000799373
-0.00207001
104749
104750
0.0681418
104750
-0.114492
-0.289015
1.60059
1.04956e-005
1.04985e-005
1.14253e-010
1.04978e-005
-9.51822e-011
-2.4645e-010
1.09017e+007
1.09001e+007
1.09005e+007
4.19967e+006
4.19917e+006
4.19966e+006
0.144155
0.143904
-3.48512e-005
0.143986
3.46713e-005
8.83715e-005
1.44683e+007
6.08616e+006
6.08614e+006
6.08616e+006
1.44665e+007
6.08615e+006
6.08614e+006
6.08615e+006
1.44669e+007
4.18503e+006
4.1845e+006
4.18502e+006
284.753
284.759
0.000790069
284.757
-0.000659147
-0.00170957
106246
106247
0.0566001
106247
-0.0941584
-0.238564
1.55773
1.06875e-005
1.06905e-005
9.43923e-011
1.06897e-005
-7.87606e-011
-2.04248e-010
1.08638e+007
1.08621e+007
1.08626e+007
4.18503e+006
4.1845e+006
4.18502e+006
0.146778
0.146521
-3.56868e-005
0.146605
3.55577e-005
9.06187e-005
1.44134e+007
6.06009e+006
6.06008e+006
6.06009e+006
1.44114e+007
6.06005e+006
6.06008e+006
6.06005e+006
1.4412e+007
4.17026e+006
4.1697e+006
4.17025e+006
289.056
289.061
0.000585275
289.06
-0.000489048
-0.00127043
107855
107856
0.0423123
107856
-0.0696728
-0.177199
1.51286
1.08927e-005
1.08959e-005
7.01725e-011
1.08951e-005
-5.86431e-011
-1.52321e-010
1.08256e+007
1.08238e+007
1.08243e+007
4.17026e+006
4.1697e+006
4.17025e+006
0.1494
0.149137
-3.65223e-005
0.149223
3.64451e-005
9.28683e-005
1.43579e+007
6.03361e+006
6.0336e+006
6.03361e+006
1.43558e+007
6.03354e+006
6.0336e+006
6.03354e+006
1.43563e+007
4.15536e+006
4.15476e+006
4.15535e+006
293.658
293.66
0.000342326
293.66
-0.000286482
-0.000745442
109575
109575
0.0249807
109575
-0.0407036
-0.103928
1.46605
1.11115e-005
1.11148e-005
4.1191e-011
1.1114e-005
-3.44763e-011
-8.96967e-011
1.0787e+007
1.07851e+007
1.07856e+007
4.15536e+006
4.15476e+006
4.15535e+006
0.152023
0.151754
-3.73576e-005
0.151842
3.73336e-005
9.51201e-005
1.43017e+007
6.00669e+006
6.0067e+006
6.00669e+006
1.42994e+007
6.00661e+006
6.0067e+006
6.00661e+006
1.43e+007
4.14032e+006
4.13969e+006
4.14031e+006
298.555
298.555
5.81084e-005
298.555
-4.87026e-005
-0.000126942
111405
111405
0.00428123
111405
-0.00690079
-0.017691
1.41734
1.1344e-005
1.13474e-005
7.01738e-012
1.13465e-005
-5.88239e-012
-1.533e-011
1.07481e+007
1.07461e+007
1.07466e+007
4.14032e+006
4.13969e+006
4.14031e+006
0.154646
0.15437
-3.81927e-005
0.154461
3.82229e-005
9.7374e-005
1.42449e+007
5.97934e+006
5.97935e+006
5.97934e+006
1.42424e+007
5.97923e+006
5.97935e+006
5.97923e+006
1.4243e+007
4.12515e+006
4.12448e+006
4.12514e+006
303.744
303.742
-0.000270677
303.743
0.000227202
0.000593229
113345
113344
-0.0201397
113344
0.032104
0.0826456
1.36682
1.15903e-005
1.15938e-005
-3.28082e-011
1.15929e-005
2.75431e-011
7.19041e-011
1.07089e+007
1.07067e+007
1.07073e+007
4.12515e+006
4.12448e+006
4.12514e+006
0.157269
0.156987
-3.90275e-005
0.15708
3.91129e-005
9.96297e-005
1.41874e+007
5.95154e+006
5.95155e+006
5.95154e+006
1.41846e+007
5.95139e+006
5.95155e+006
5.95139e+006
1.41854e+007
4.10984e+006
4.10914e+006
4.10983e+006
309.225
309.22
-0.000647527
309.221
0.000544323
0.00142378
115393
115392
-0.0486677
115392
0.0766994
0.198297
1.31454
1.18506e-005
1.18542e-005
-7.87777e-011
1.18533e-005
6.62333e-011
1.73216e-010
1.06693e+007
1.06669e+007
1.06675e+007
4.10984e+006
4.10914e+006
4.10983e+006
0.159892
0.159604
-3.9862e-005
0.159699
4.00037e-005
0.000101887
1.41291e+007
5.92326e+006
5.92329e+006
5.92326e+006
1.41262e+007
5.92308e+006
5.92329e+006
5.92308e+006
1.41269e+007
4.09439e+006
4.09364e+006
4.09438e+006
314.994
314.986
-0.00107615
314.988
0.000905942
0.00237402
117548
117547
-0.081724
117547
0.127295
0.330568
1.26059
1.21251e-005
1.21287e-005
-1.31418e-010
1.21278e-005
1.10652e-010
2.89912e-010
1.06293e+007
1.06267e+007
1.06274e+007
4.09439e+006
4.09364e+006
4.09438e+006
0.162515
0.162222
-4.06961e-005
0.162318
4.08952e-005
0.000104146
1.40701e+007
5.89449e+006
5.89453e+006
5.89449e+006
1.40669e+007
5.89429e+006
5.89453e+006
5.89429e+006
1.40678e+007
4.07879e+006
4.07801e+006
4.07878e+006
321.048
321.036
-0.00156049
321.039
0.00131555
0.00345391
119810
119808
-0.119768
119809
0.184325
0.480857
1.20505
1.24138e-005
1.24175e-005
-1.91293e-010
1.24166e-005
1.61298e-010
4.23399e-010
1.05889e+007
1.05862e+007
1.05869e+007
4.07879e+006
4.07801e+006
4.07878e+006
0.165138
0.164839
-4.153e-005
0.164938
4.17872e-005
0.000106406
1.40103e+007
5.86523e+006
5.86527e+006
5.86523e+006
1.40069e+007
5.86498e+006
5.86527e+006
5.86498e+006
1.40079e+007
4.06305e+006
4.06222e+006
4.06304e+006
327.385
327.369
-0.00210472
327.373
0.00177684
0.00467409
122178
122175
-0.163304
122175
0.248247
0.650671
1.14802
1.2717e-005
1.27208e-005
-2.59007e-010
1.27198e-005
2.18704e-010
5.75196e-010
1.05481e+007
1.05452e+007
1.0546e+007
4.06305e+006
4.06222e+006
4.06304e+006
0.167762
0.167456
-4.23634e-005
0.167557
4.26797e-005
0.000108667
1.39498e+007
5.83543e+006
5.8355e+006
5.83543e+006
1.39461e+007
5.83515e+006
5.8355e+006
5.83515e+006
1.39471e+007
4.04715e+006
4.04628e+006
4.04714e+006
334.002
333.981
-0.00271329
333.987
0.00229378
0.00604599
124649
124646
-0.212882
124646
0.319547
0.841633
1.08961
1.30348e-005
1.30388e-005
-3.3521e-010
1.30377e-005
2.83443e-010
7.46946e-010
1.05069e+007
1.05039e+007
1.05048e+007
4.04715e+006
4.04628e+006
4.04714e+006
0.170386
0.170074
-4.31965e-005
0.170177
4.35726e-005
0.00011093
1.38884e+007
5.8051e+006
5.80518e+006
5.8051e+006
1.38845e+007
5.80478e+006
5.80518e+006
5.80478e+006
1.38856e+007
4.0311e+006
4.03018e+006
4.03109e+006
340.895
340.87
-0.00339095
340.877
0.00287055
0.00758185
127224
127220
-0.269105
127220
0.398738
1.05549
1.02992
1.33675e-005
1.33715e-005
-4.20599e-010
1.33705e-005
3.56132e-010
9.40421e-010
1.04654e+007
1.04621e+007
1.0463e+007
4.0311e+006
4.03018e+006
4.03109e+006
0.17301
0.172692
-4.40291e-005
0.172797
4.44659e-005
0.000113193
1.38262e+007
5.7742e+006
5.77429e+006
5.7742e+006
1.38221e+007
5.77384e+006
5.77429e+006
5.77384e+006
1.38232e+007
4.01489e+006
4.01392e+006
4.01489e+006
348.062
348.031
-0.00414274
348.04
0.00351165
0.00929481
129900
129895
-0.332633
129896
0.486368
1.29414
0.969083
1.37153e-005
1.37194e-005
-5.15922e-010
1.37182e-005
4.37434e-010
1.15754e-009
1.04234e+007
1.04199e+007
1.04209e+007
4.01489e+006
4.01392e+006
4.01489e+006
0.175634
0.17531
-4.48613e-005
0.175417
4.53596e-005
0.000115457
1.37632e+007
5.74272e+006
5.74283e+006
5.74272e+006
1.37587e+007
5.74232e+006
5.74283e+006
5.74232e+006
1.376e+007
3.99852e+006
3.9975e+006
3.99852e+006
355.499
355.462
-0.00497405
355.472
0.00422184
0.011199
132677
132671
-0.404192
132672
0.583018
1.55962
0.907224
1.40782e-005
1.40824e-005
-6.21986e-010
1.40813e-005
5.28061e-010
1.40039e-009
1.03809e+007
1.03773e+007
1.03783e+007
3.99852e+006
3.9975e+006
3.99852e+006
0.178258
0.177929
-4.56931e-005
0.178038
4.62534e-005
0.000117721
1.36992e+007
5.71064e+006
5.71076e+006
5.71064e+006
1.36945e+007
5.71018e+006
5.71076e+006
5.71018e+006
1.36958e+007
3.98198e+006
3.98091e+006
3.98198e+006
363.202
363.159
-0.0058906
363.171
0.00500624
0.0133096
135554
135546
-0.484575
135548
0.689306
1.85416
0.844488
1.44567e-005
1.44609e-005
-7.39657e-010
1.44597e-005
6.28782e-010
1.67123e-009
1.03381e+007
1.03342e+007
1.03353e+007
3.98198e+006
3.98091e+006
3.98198e+006
0.180883
0.180547
-4.65244e-005
0.180658
4.71475e-005
0.000119986
1.36344e+007
5.67792e+006
5.67807e+006
5.67792e+006
1.36293e+007
5.67742e+006
5.67807e+006
5.67742e+006
1.36308e+007
3.96528e+006
3.96415e+006
3.96528e+006
371.169
371.118
-0.00689856
371.132
0.00587031
0.015643
138528
138519
-0.574658
138521
0.805894
2.18016
0.781028
1.48508e-005
1.48551e-005
-8.69871e-010
1.48539e-005
7.40426e-010
1.97249e-009
1.02947e+007
1.02906e+007
1.02918e+007
3.96528e+006
3.96415e+006
3.96528e+006
0.183508
0.183166
-4.73552e-005
0.183279
4.80417e-005
0.000122251
1.35685e+007
5.64455e+006
5.64472e+006
5.64455e+006
1.35631e+007
5.644e+006
5.64472e+006
5.644e+006
1.35647e+007
3.9484e+006
3.94721e+006
3.9484e+006
379.393
379.335
-0.00800447
379.352
0.00681989
0.0182168
141598
141588
-0.675398
141590
0.933486
2.54024
0.71701
1.52608e-005
1.52652e-005
-1.01364e-009
1.5264e-005
8.63888e-010
2.30686e-009
1.0251e+007
1.02466e+007
1.02479e+007
3.9484e+006
3.94721e+006
3.9484e+006
