2.01663
2.01237
-0.000581912
2.01382
0.000618083
0.00156898
3.74538e+007
1.19287e+007
1.19292e+007
1.19287e+007
3.74455e+007
1.1927e+007
1.19292e+007
1.1927e+007
3.74477e+007
1.27492e+007
1.2748e+007
1.27492e+007
-0.013179
-0.0131997
-2.713e-006
-0.0131944
2.37749e-006
6.16426e-006
-4.90409
-4.90784
-0.000249137
-4.90722
0.000390428
0.000937387
3.23228
-2.14645e-010
-2.15545e-010
-1.06399e-013
-2.15316e-010
9.32494e-014
2.41751e-013
3.16896e+007
3.16831e+007
3.16849e+007
1.27492e+007
1.2748e+007
1.27492e+007
2.02245
2.01821
-0.000580236
2.01965
0.000614504
0.00156
3.73974e+007
1.19108e+007
1.19113e+007
1.19108e+007
3.73891e+007
1.19092e+007
1.19113e+007
1.19092e+007
3.73913e+007
1.273e+007
1.27289e+007
1.273e+007
-0.0163016
-0.016327
-3.32526e-006
-0.0163205
2.91378e-006
7.55338e-006
-6.06604
-6.07064
-0.000305229
-6.06988
0.000478698
0.00114884
3.28838
-2.65905e-010
-2.6701e-010
-1.30608e-013
-2.66729e-010
1.14456e-013
2.96676e-013
3.16417e+007
3.16353e+007
3.1637e+007
1.273e+007
1.27289e+007
1.273e+007
2.02827
2.02404
-0.000578547
2.02548
0.00061097
0.00155114
3.73409e+007
1.1893e+007
1.18935e+007
1.1893e+007
3.73327e+007
1.18914e+007
1.18935e+007
1.18914e+007
3.73348e+007
1.27108e+007
1.27097e+007
1.27108e+007
-0.0179974
-0.0180253
-3.64855e-006
-0.0180182
3.19678e-006
8.28552e-006
-6.69703
-6.70207
-0.000334757
-6.70125
0.000525413
0.00126043
3.34084
-2.94012e-010
-2.95227e-010
-1.43522e-013
-2.94919e-010
1.25762e-013
3.25924e-013
3.15938e+007
3.15874e+007
3.15891e+007
1.27108e+007
1.27097e+007
1.27108e+007
2.03408
2.02987
-0.000576847
2.03129
0.000607479
0.00154242
3.72844e+007
1.18752e+007
1.18757e+007
1.18752e+007
3.72763e+007
1.18735e+007
1.18757e+007
1.18735e+007
3.72784e+007
1.26916e+007
1.26905e+007
1.26916e+007
-0.0182686
-0.0182967
-3.68682e-006
-0.0182896
3.23003e-006
8.37021e-006
-6.79782
-6.80291
-0.000338121
-6.80208
0.000531102
0.00127355
3.38965
-2.98894e-010
-3.00124e-010
-1.45246e-013
-2.99812e-010
1.27262e-013
3.29753e-013
3.15459e+007
3.15396e+007
3.15413e+007
1.26916e+007
1.26905e+007
1.26916e+007
2.03988
2.03569
-0.000575138
2.03711
0.000604032
0.00153382
3.72279e+007
1.18574e+007
1.18578e+007
1.18574e+007
3.72199e+007
1.18557e+007
1.18578e+007
1.18557e+007
3.7222e+007
1.26724e+007
1.26713e+007
1.26724e+007
-0.017117
-0.0171433
-3.44406e-006
-0.0171366
3.01707e-006
7.81703e-006
-6.36917
-6.37393
-0.000315721
-6.37316
0.000496299
0.00118961
3.43482
-2.80477e-010
-2.81627e-010
-1.35888e-013
-2.81336e-010
1.19051e-013
3.08427e-013
3.1498e+007
3.14917e+007
3.14934e+007
1.26724e+007
1.26713e+007
1.26724e+007
2.04568
2.04151
-0.000573421
2.04292
0.000600628
0.00152534
3.71715e+007
1.18395e+007
1.184e+007
1.18395e+007
3.71635e+007
1.18379e+007
1.184e+007
1.18379e+007
3.71656e+007
1.26532e+007
1.26521e+007
1.26532e+007
-0.0145446
-0.014567
-2.92428e-006
-0.0145613
2.5615e-006
6.63549e-006
-5.41186
-5.41591
-0.000267955
-5.41525
0.000421538
0.00100999
3.47635
-2.38688e-010
-2.39666e-010
-1.15555e-013
-2.39418e-010
1.01228e-013
2.62206e-013
3.14501e+007
3.14438e+007
3.14455e+007
1.26532e+007
1.26521e+007
1.26532e+007
2.05148
2.04732
-0.000571698
2.04872
0.000597266
0.00151698
3.7115e+007
1.18217e+007
1.18221e+007
1.18217e+007
3.7107e+007
1.18201e+007
1.18221e+007
1.18201e+007
3.71091e+007
1.2634e+007
1.26329e+007
1.2634e+007
-0.0105535
-0.0105698
-2.13148e-006
-0.0105657
1.86688e-006
4.83524e-006
-3.92667
-3.92962
-0.000195224
-3.92914
0.000307358
0.000736112
3.51424
-1.73454e-010
-1.74166e-010
-8.43549e-014
-1.73986e-010
7.38896e-014
1.91358e-013
3.14022e+007
3.1396e+007
3.13977e+007
1.2634e+007
1.26329e+007
1.2634e+007
2.05727
2.05313
-0.000569969
2.05453
0.000593946
0.00150873
3.70585e+007
1.18038e+007
1.18043e+007
1.18038e+007
3.70506e+007
1.18022e+007
1.18043e+007
1.18022e+007
3.70526e+007
1.26148e+007
1.26137e+007
1.26148e+007
-0.00514575
-0.00515392
-1.06967e-006
-0.00515186
9.36801e-007
2.42588e-006
-1.91436
-1.91584
-9.79296e-005
-1.9156
0.000154298
0.000369385
3.54848
-8.46987e-011
-8.50558e-011
-4.23976e-014
-8.49656e-011
3.71342e-014
9.61521e-014
3.13543e+007
3.13481e+007
3.13498e+007
1.26148e+007
1.26137e+007
1.26148e+007
2.06306
2.05893
-0.000568236
2.06032
0.000590668
0.0015006
3.70019e+007
1.1786e+007
1.17864e+007
1.1786e+007
3.69942e+007
1.17844e+007
1.17864e+007
1.17844e+007
3.69962e+007
1.25956e+007
1.25945e+007
1.25956e+007
0.00167674
0.00167871
2.57104e-007
0.00167821
-2.25147e-007
-5.82922e-007
0.624274
0.62463
2.35278e-005
0.624573
-3.70992e-005
-8.87775e-005
3.57908
2.76506e-011
2.77393e-011
1.02061e-014
2.77169e-011
-8.93827e-015
-2.31399e-014
3.13063e+007
3.13002e+007
3.13019e+007
1.25956e+007
1.25945e+007
1.25956e+007
2.06885
2.06473
-0.000566499
2.06612
0.000587431
0.00149258
3.69454e+007
1.17681e+007
1.17686e+007
1.17681e+007
3.69377e+007
1.17665e+007
1.17686e+007
1.17665e+007
3.69397e+007
1.25764e+007
1.25753e+007
1.25764e+007
0.00991188
0.00992598
1.84481e-006
0.00992243
-1.61535e-006
-4.18151e-006
3.68845
3.69101
0.000168746
3.69059
-0.000266289
-0.000636957
3.60604
1.63669e-010
1.64293e-010
7.33442e-014
1.64135e-010
-6.4227e-014
-1.66244e-013
3.12584e+007
3.12523e+007
3.1254e+007
1.25764e+007
1.25753e+007
1.25764e+007
2.07463
2.07053
-0.00056476
2.07191
0.000584235
0.00148466
3.68889e+007
1.17503e+007
1.17507e+007
1.17503e+007
3.68812e+007
1.17487e+007
1.17507e+007
1.17487e+007
3.68832e+007
1.25572e+007
1.25561e+007
1.25572e+007
0.0195576
0.0195858
3.68938e-006
0.0195787
-3.2302e-006
-8.36019e-006
7.27738
7.28249
0.000337323
7.28167
-0.000532723
-0.00127373
3.62935
3.23432e-010
3.24679e-010
1.46904e-013
3.24365e-010
-1.2863e-013
-3.32885e-013
3.12104e+007
3.12044e+007
3.1206e+007
1.25572e+007
1.25561e+007
1.25572e+007
2.08041
2.07633
-0.000563019
2.0777
0.000581079
0.00147685
3.68323e+007
1.17324e+007
1.17328e+007
1.17324e+007
3.68248e+007
1.17308e+007
1.17328e+007
1.17308e+007
3.68267e+007
1.25379e+007
1.25369e+007
1.2538e+007
0.0306119
0.0306561
5.78675e-006
0.030645
-5.06605e-006
-1.31093e-005
11.3903
11.3983
0.000528855
11.397
-0.000835851
-0.00199767
3.64902
5.07014e-010
5.08972e-010
2.3077e-013
5.08479e-010
-2.02045e-013
-5.22783e-013
3.11625e+007
3.11565e+007
3.11581e+007
1.25379e+007
1.25369e+007
1.2538e+007
2.08618
2.08211
-0.000561278
2.08348
0.000577962
0.00146915
3.67758e+007
1.17145e+007
1.1715e+007
1.17145e+007
3.67683e+007
1.1713e+007
1.1715e+007
1.1713e+007
3.67702e+007
1.25187e+007
1.25177e+007
1.25187e+007
0.0430726
0.0431349
8.13284e-006
0.0431192
-7.11926e-006
-1.8419e-005
16.0263
16.0376
0.00074294
16.0358
-0.00117512
-0.00280734
3.66505
7.14493e-010
7.17246e-010
3.24827e-013
7.16554e-010
-2.84368e-013
-7.35657e-013
3.11145e+007
3.11086e+007
3.11102e+007
1.25187e+007
1.25177e+007
1.25187e+007
2.09195
2.0879
-0.000559536
2.08926
0.000574884
0.00146154
3.67192e+007
1.16967e+007
1.16971e+007
1.16967e+007
3.67118e+007
1.16951e+007
1.16971e+007
1.16951e+007
3.67137e+007
1.24995e+007
1.24985e+007
1.24995e+007
0.0569378
0.0570198
1.07235e-005
0.0569992
-9.3862e-006
-2.42796e-005
21.1847
21.1996
0.000979173
21.1972
-0.00154998
-0.00370132
3.67744
9.45943e-010
9.49578e-010
4.28959e-013
9.48665e-010
-3.75493e-013
-9.71222e-013
3.10665e+007
3.10607e+007
3.10623e+007
1.24995e+007
1.24985e+007
1.24995e+007
2.09772
2.09368
-0.000557795
2.09503
0.000571844
0.00145403
3.66626e+007
1.16788e+007
1.16792e+007
1.16788e+007
3.66553e+007
1.16773e+007
1.16792e+007
1.16773e+007
3.66572e+007
1.24803e+007
1.24793e+007
1.24803e+007
0.0722053
0.072309
1.35548e-005
0.0722829
-1.18632e-005
-3.06813e-005
26.8647
26.8835
0.00123715
26.8805
-0.00195986
-0.00467816
3.68618
1.20144e-009
1.20604e-009
5.43047e-013
1.20489e-009
-4.75315e-013
-1.22919e-012
3.10186e+007
3.10128e+007
3.10143e+007
1.24803e+007
1.24793e+007
1.24803e+007
2.10349
2.09946
-0.000556054
2.1008
0.000568842
0.00144661
3.66061e+007
1.16609e+007
1.16613e+007
1.16609e+007
3.65988e+007
1.16594e+007
1.16613e+007
1.16594e+007
3.66006e+007
1.2461e+007
1.24601e+007
1.24611e+007
0.0888729
0.0890001
1.66224e-005
0.0889682
-1.45465e-005
-3.76144e-005
33.0654
33.0885
0.00151646
33.0848
-0.00240422
-0.00573642
3.69128
1.48106e-009
1.48671e-009
6.66973e-013
1.4853e-009
-5.83726e-013
-1.50928e-012
3.09706e+007
3.09649e+007
3.09664e+007
1.2461e+007
1.24601e+007
1.24611e+007
2.10925
2.10524
-0.000554316
2.10657
0.000565876
0.00143929
3.65495e+007
1.1643e+007
1.16434e+007
1.1643e+007
3.65422e+007
1.16415e+007
1.16434e+007
1.16415e+007
3.65441e+007
1.24418e+007
1.24408e+007
1.24418e+007
0.106939
0.107091
1.99222e-005
0.107053
-1.74326e-005
-4.5069e-005
39.7861
39.8138
0.00181671
39.8094
-0.00288248
-0.00687465
3.69274
1.78489e-009
1.79167e-009
8.00615e-013
1.78997e-009
-7.0062e-013
-1.81119e-012
3.09226e+007
3.09169e+007
3.09184e+007
1.24418e+007
1.24408e+007
1.24418e+007
2.115
2.11101
-0.00055258
2.11234
0.000562948
0.00143206
3.64929e+007
1.16251e+007
1.16256e+007
1.16251e+007
3.64857e+007
1.16236e+007
1.16256e+007
1.16236e+007
3.64876e+007
1.24226e+007
1.24216e+007
1.24226e+007
0.1264
0.12658
2.34502e-005
0.126535
-2.05176e-005
-5.30352e-005
47.0259
47.0584
0.00213749
47.0533
-0.00339408
-0.0080914
3.69055
2.113e-009
2.12099e-009
9.43853e-013
2.11899e-009
-8.25885e-013
-2.13463e-012
3.08746e+007
3.0869e+007
3.08705e+007
1.24226e+007
1.24216e+007
1.24226e+007
2.12076
2.11678
-0.000550846
2.1181
0.000560055
0.00142492
3.64363e+007
1.16072e+007
1.16077e+007
1.16072e+007
3.64292e+007
1.16058e+007
1.16077e+007
1.16058e+007
3.6431e+007
1.24033e+007
1.24024e+007
1.24033e+007
0.147256
0.147464
2.72021e-005
0.147412
-2.3798e-005
-6.15032e-005
54.7839
54.8217
0.00247838
54.8157
-0.00393845
-0.00938521
3.68472
2.46546e-009
2.47474e-009
1.09656e-012
2.47242e-009
-9.59412e-013
-2.4793e-012
3.08266e+007
3.0821e+007
3.08225e+007
1.24033e+007
1.24024e+007
1.24033e+007
2.12651
2.12254
-0.000549116
2.12386
0.000557197
0.00141787
3.63796e+007
1.15893e+007
1.15898e+007
1.15893e+007
3.63726e+007
1.15879e+007
1.15898e+007
1.15879e+007
3.63744e+007
1.23841e+007
1.23832e+007
1.23841e+007
0.169503
0.169742
3.11737e-005
0.169683
-2.72699e-005
-7.04631e-005
63.0595
63.1028
0.00283899
63.096
-0.00451503
-0.0107546
3.67525
2.84236e-009
2.85301e-009
1.25862e-012
2.85035e-009
-1.10109e-012
-2.8449e-012
3.07786e+007
3.07731e+007
3.07745e+007
1.23841e+007
1.23832e+007
1.23841e+007
2.13226
2.1283
-0.000547389
2.12962
0.000554375
0.0014109
3.6323e+007
1.15714e+007
1.15719e+007
1.15714e+007
3.6316e+007
1.157e+007
1.15719e+007
1.157e+007
3.63178e+007
1.23649e+007
1.23639e+007
1.23649e+007
0.19314
0.193411
3.5361e-005
0.193344
-3.09297e-005
-7.9905e-005
71.8517
71.9009
0.00321891
71.8931
-0.00512323
-0.0121982
3.66214
3.24377e-009
3.25588e-009
1.4299e-012
3.25286e-009
-1.2508e-012
-3.23113e-012
3.07305e+007
3.07251e+007
3.07265e+007
1.23649e+007
1.23639e+007
1.23649e+007
2.138
2.13406
-0.000545666
2.13537
0.000551586
0.00140402
3.62664e+007
1.15535e+007
1.15539e+007
1.15535e+007
3.62595e+007
1.15521e+007
1.15539e+007
1.15521e+007
3.62612e+007
1.23456e+007
1.23447e+007
1.23456e+007
0.218165
0.218469
3.97596e-005
0.218393
-3.47735e-005
-8.98189e-005
81.1597
81.215
0.00361772
81.2063
-0.00576248
-0.0137144
3.64538
3.66978e-009
3.68341e-009
1.61027e-012
3.68001e-009
-1.40844e-012
-3.63768e-012
3.06825e+007
3.06771e+007
3.06786e+007
1.23456e+007
1.23447e+007
1.23456e+007
2.14374
2.13982
-0.000543947
2.14112
0.000548831
0.00139721
3.62097e+007
1.15356e+007
1.1536e+007
1.15356e+007
3.62029e+007
1.15342e+007
1.1536e+007
1.15342e+007
3.62046e+007
1.23264e+007
1.23254e+007
1.23264e+007
0.244574
0.244914
4.43654e-005
0.24483
-3.87978e-005
-0.000100195
90.9826
91.0444
0.00403502
91.0347
-0.00643221
-0.0153018
3.62498
4.12046e-009
4.13569e-009
1.79962e-012
4.1319e-009
-1.57389e-012
-4.06425e-012
3.06345e+007
3.06291e+007
3.06306e+007
1.23264e+007
1.23254e+007
1.23264e+007
2.14948
2.14557
-0.000542233
2.14686
0.000546109
0.00139049
3.61531e+007
1.15177e+007
1.15181e+007
1.15177e+007
3.61463e+007
1.15163e+007
1.15181e+007
1.15163e+007
3.6148e+007
1.23071e+007
1.23062e+007
1.23071e+007
0.272367
0.272744
4.91741e-005
0.27265
-4.29986e-005
-0.000111023
101.32
101.388
0.0044704
101.378
-0.00713182
-0.016959
3.60094
4.5959e-009
4.6128e-009
1.9978e-012
4.6086e-009
-1.74703e-012
-4.51053e-012
3.05864e+007
3.05812e+007
3.05826e+007
1.23071e+007
1.23062e+007
1.23071e+007
2.15522
2.15132
-0.000540524
2.15261
0.000543419
0.00138385
3.60964e+007
1.14998e+007
1.15002e+007
1.14998e+007
3.60897e+007
1.14984e+007
1.15002e+007
1.14984e+007
3.60914e+007
1.22878e+007
1.2287e+007
1.22879e+007
0.301541
0.301956
5.41815e-005
0.301853
-4.73722e-005
-0.000122293
112.17
112.246
0.00492345
112.234
-0.00786074
-0.0186844
3.57326
5.09617e-009
5.11482e-009
2.20468e-012
5.11018e-009
-1.92774e-012
-4.97619e-012
3.05384e+007
3.05332e+007
3.05345e+007
1.22878e+007
1.2287e+007
1.22879e+007
2.16095
2.15707
-0.00053882
2.15835
0.000540761
0.00137728
3.60397e+007
1.14819e+007
1.14823e+007
1.14819e+007
3.60331e+007
1.14805e+007
1.14823e+007
1.14805e+007
3.60348e+007
1.22686e+007
1.22677e+007
1.22686e+007
0.332093
0.332548
5.93834e-005
0.332435
-5.19149e-005
-0.000133996
123.533
123.616
0.00539376
123.603
-0.00861839
-0.0204766
3.54193
5.62135e-009
5.64182e-009
2.42014e-012
5.63674e-009
-2.11592e-012
-5.46092e-012
3.04903e+007
3.04852e+007
3.04865e+007
1.22686e+007
1.22677e+007
1.22686e+007
2.16668
2.16281
-0.000537122
2.16409
0.000538135
0.00137079
3.5983e+007
1.14639e+007
1.14643e+007
1.14639e+007
3.59765e+007
1.14626e+007
1.14643e+007
1.14626e+007
3.59781e+007
1.22493e+007
1.22484e+007
1.22493e+007
0.364022
0.364518
6.47754e-005
0.364395
-5.66228e-005
-0.00014612
135.407
135.498
0.00588092
135.484
-0.00940416
-0.022334
3.50696
6.17152e-009
6.19388e-009
2.64404e-012
6.18834e-009
-2.31143e-012
-5.96441e-012
3.04423e+007
3.04372e+007
3.04385e+007
1.22493e+007
1.22484e+007
1.22493e+007
2.17241
2.16855
-0.00053543
2.16982
0.000535539
0.00136437
3.59263e+007
1.1446e+007
1.14464e+007
1.1446e+007
3.59198e+007
1.14446e+007
1.14464e+007
1.14446e+007
3.59215e+007
1.22301e+007
1.22292e+007
1.22301e+007
0.397325
0.397864
7.03534e-005
0.397731
-6.14921e-005
-0.000158656
147.793
147.891
0.00638452
147.875
-0.0102175
-0.0242552
3.46834
6.74678e-009
6.7711e-009
2.87625e-012
6.76508e-009
-2.51415e-012
-6.48633e-012
3.03942e+007
3.03891e+007
3.03905e+007
1.22301e+007
1.22292e+007
1.22301e+007
2.17813
2.17429
-0.000533743
2.17555
0.000532973
0.00135803
3.58696e+007
1.14281e+007
1.14284e+007
1.14281e+007
3.58632e+007
1.14267e+007
1.14284e+007
1.14267e+007
3.58648e+007
1.22108e+007
1.22099e+007
1.22108e+007
0.432
0.432583
7.61129e-005
0.432439
-6.65191e-005
-0.000171595
160.688
160.794
0.00690414
160.777
-0.0110577
-0.0262386
3.42609
7.34719e-009
7.37353e-009
3.11663e-012
7.36702e-009
-2.72397e-012
-7.02635e-012
3.03461e+007
3.03411e+007
3.03424e+007
1.22108e+007
1.22099e+007
1.22108e+007
2.18386
2.18003
-0.000532063
2.18128
0.000530437
0.00135175
3.58129e+007
1.14101e+007
1.14105e+007
1.14101e+007
3.58065e+007
1.14088e+007
1.14105e+007
1.14088e+007
3.58082e+007
1.21915e+007
1.21907e+007
1.21915e+007
0.468044
0.468674
8.20497e-005
0.468518
-7.16998e-005
-0.000184925
174.092
174.206
0.00743937
174.188
-0.0119243
-0.0282829
3.38019
7.97283e-009
8.00128e-009
3.36503e-012
7.99425e-009
-2.94077e-012
-7.58415e-012
3.02981e+007
3.02931e+007
3.02944e+007
1.21915e+007
1.21907e+007
1.21915e+007
2.18958
2.18576
-0.000530389
2.18701
0.000527931
0.00134555
3.57562e+007
1.13922e+007
1.13926e+007
1.13922e+007
3.57499e+007
1.13908e+007
1.13926e+007
1.13908e+007
3.57515e+007
1.21722e+007
1.21714e+007
1.21722e+007
0.505457
0.506133
8.81594e-005
0.505966
-7.70305e-005
-0.000198636
188.004
188.127
0.0079898
188.108
-0.0128167
-0.0303864
3.33065
8.6238e-009
8.65441e-009
3.62133e-012
8.64686e-009
-3.1644e-012
-8.15939e-012
3.025e+007
3.0245e+007
3.02463e+007
1.21722e+007
1.21714e+007
1.21722e+007
2.19529
2.19149
-0.000528721
2.19273
0.000525453
0.00133941
3.56995e+007
1.13742e+007
1.13746e+007
1.13742e+007
3.56932e+007
1.13729e+007
1.13746e+007
1.13729e+007
3.56948e+007
1.2153e+007
1.21521e+007
1.2153e+007
0.544234
0.544959
9.44378e-005
0.54478
-8.25072e-005
-0.000212719
202.423
202.555
0.00855502
202.535
-0.0137341
-0.0325476
3.27746
9.30018e-009
9.33302e-009
3.88539e-012
9.32492e-009
-3.39476e-012
-8.75174e-012
3.02019e+007
3.0197e+007
3.01983e+007
1.2153e+007
1.21521e+007
1.2153e+007
2.20101
2.19721
-0.00052706
2.19845
0.000523003
0.00133335
3.56427e+007
1.13563e+007
1.13566e+007
1.13563e+007
3.56365e+007
1.1355e+007
1.13566e+007
1.1355e+007
3.56381e+007
1.21337e+007
1.21329e+007
1.21337e+007
0.584375
0.585149
0.00010088
0.584959
-8.81262e-005
-0.000227163
217.349
217.49
0.0091346
217.468
-0.0146761
-0.0347651
3.22064
1.0002e-008
1.00372e-008
4.15705e-012
1.00285e-008
-3.63172e-012
-9.36087e-012
3.01538e+007
3.01489e+007
3.01502e+007
1.21337e+007
1.21329e+007
1.21337e+007
2.20672
2.20294
-0.000525406
2.20417
0.000520581
0.00132734
3.5586e+007
1.13383e+007
1.13387e+007
1.13383e+007
3.55798e+007
1.1337e+007
1.13387e+007
1.1337e+007
3.55814e+007
1.21144e+007
1.21136e+007
1.21144e+007
0.625876
0.626701
0.000107483
0.626498
-9.38835e-005
-0.000241959
232.78
232.931
0.00972815
232.908
-0.0156421
-0.0370374
3.16017
1.07295e-008
1.0767e-008
4.43617e-012
1.07577e-008
-3.87513e-012
-9.98642e-012
3.01056e+007
3.01009e+007
3.01021e+007
1.21144e+007
1.21136e+007
1.21144e+007
2.21243
2.20866
-0.000523759
2.20989
0.000518187
0.00132141
3.55292e+007
1.13203e+007
1.13207e+007
1.13203e+007
3.55231e+007
1.13191e+007
1.13207e+007
1.13191e+007
3.55247e+007
1.20951e+007
1.20943e+007
1.20951e+007
0.668736
0.669613
0.000114241
0.669398
-9.97753e-005
-0.000257095
248.716
248.876
0.0103352
248.852
-0.0166313
-0.0393628
3.09605
1.14826e-008
1.15225e-008
4.72262e-012
1.15127e-008
-4.12489e-012
-1.06281e-011
3.00575e+007
3.00528e+007
3.0054e+007
1.20951e+007
1.20943e+007
1.20951e+007
2.21814
2.21438
-0.000522119
2.2156
0.000515819
0.00131553
3.54724e+007
1.13024e+007
1.13027e+007
1.13024e+007
3.54664e+007
1.13011e+007
1.13027e+007
1.13011e+007
3.54679e+007
1.20758e+007
1.2075e+007
1.20758e+007
0.712952
0.713882
0.00012115
0.713654
-0.000105798
-0.000272562
265.156
265.325
0.0109554
265.299
-0.0176432
-0.0417398
3.0283
1.22614e-008
1.23038e-008
5.01624e-012
1.22934e-008
-4.38085e-012
-1.12855e-011
3.00094e+007
3.00047e+007
3.0006e+007
1.20758e+007
1.2075e+007
1.20758e+007
2.22384
2.2201
-0.000520487
2.22131
0.000513477
0.00130972
3.54156e+007
1.12844e+007
1.12848e+007
1.12844e+007
3.54097e+007
1.12831e+007
1.12848e+007
1.12831e+007
3.54112e+007
1.20565e+007
1.20557e+007
1.20565e+007
0.758521
0.759506
0.000128206
0.759265
-0.000111947
-0.000288349
282.098
282.278
0.0115884
282.25
-0.0186773
-0.044167
2.9569
1.30661e-008
1.3111e-008
5.31689e-012
1.30999e-008
-4.64288e-012
-1.19582e-011
2.99613e+007
2.99567e+007
2.99579e+007
1.20565e+007
1.20557e+007
1.20565e+007
2.22954
2.22581
-0.000518862
2.22702
0.000511162
0.00130397
3.53588e+007
1.12664e+007
1.12668e+007
1.12664e+007
3.5353e+007
1.12652e+007
1.12668e+007
1.12652e+007
3.53544e+007
1.20372e+007
1.20364e+007
1.20372e+007
0.805442
0.806482
0.000135404
0.806228
-0.000118218
-0.000304446
299.543
299.732
0.0122336
299.703
-0.0197327
-0.0466428
2.88186
1.38966e-008
1.39441e-008
5.62441e-012
1.39325e-008
-4.91085e-012
-1.2646e-011
2.99131e+007
2.99086e+007
2.99097e+007
1.20372e+007
1.20364e+007
1.20372e+007
2.23524
2.23152
-0.000517244
2.23273
0.000508871
0.00129828
3.5302e+007
1.12484e+007
1.12488e+007
1.12484e+007
3.52962e+007
1.12472e+007
1.12488e+007
1.12472e+007
3.52977e+007
1.20179e+007
1.20172e+007
1.20179e+007
0.853713
0.854809
0.00014274
0.854541
-0.000124609
-0.000320843
317.488
317.688
0.0128907
317.658
-0.020809
-0.0491657
2.80318
1.47532e-008
1.48033e-008
5.93866e-012
1.47911e-008
-5.18463e-012
-1.33485e-011
2.9865e+007
2.98605e+007
2.98616e+007
1.20179e+007
1.20172e+007
1.20179e+007
2.24094
2.23723
-0.000515633
2.23843
0.000506606
0.00129265
3.52452e+007
1.12305e+007
1.12308e+007
1.12305e+007
3.52395e+007
1.12292e+007
1.12308e+007
1.12292e+007
3.52409e+007
1.19986e+007
1.19979e+007
1.19986e+007
0.90333
0.904484
0.00015021
0.904202
-0.000131114
-0.000337529
335.933
336.144
0.0135592
336.112
-0.0219055
-0.051734
2.72085
1.56358e-008
1.56887e-008
6.25948e-012
1.56757e-008
-5.46408e-012
-1.40654e-011
2.98168e+007
2.98124e+007
2.98135e+007
1.19986e+007
1.19979e+007
1.19986e+007
2.24663
2.24294
-0.000514031
2.24413
0.000504366
0.00128708
3.51884e+007
1.12125e+007
1.12128e+007
1.12125e+007
3.51827e+007
1.12112e+007
1.12128e+007
1.12112e+007
3.51841e+007
1.19793e+007
1.19786e+007
1.19793e+007
0.954291
0.955503
0.000157808
0.955208
-0.000137731
-0.000354494
354.878
355.099
0.0142388
355.066
-0.0230216
-0.0543463
2.63488
1.65446e-008
1.66002e-008
6.58672e-012
1.65867e-008
-5.74905e-012
-1.47961e-011
2.97687e+007
2.97642e+007
2.97654e+007
1.19793e+007
1.19786e+007
1.19793e+007
2.25233
2.24864
-0.000512436
2.24983
0.000502149
0.00128156
3.51315e+007
1.11945e+007
1.11948e+007
1.11945e+007
3.51259e+007
1.11932e+007
1.11948e+007
1.11932e+007
3.51273e+007
1.196e+007
1.19593e+007
1.196e+007
1.00659
1.00787
0.000165531
1.00756
-0.000144454
-0.000371728
374.321
374.553
0.014929
374.518
-0.0241566
-0.057001
2.54527
1.74797e-008
1.75381e-008
6.92022e-012
1.75239e-008
-6.03942e-012
-1.55405e-011
2.97205e+007
2.97161e+007
2.97172e+007
1.196e+007
1.19593e+007
1.196e+007
2.25802
2.25435
-0.000510848
2.25553
0.000499956
0.0012761
3.50747e+007
1.11765e+007
1.11768e+007
1.11765e+007
3.50691e+007
1.11753e+007
1.11768e+007
1.11753e+007
3.50705e+007
1.19407e+007
1.19399e+007
1.19407e+007
1.06024
1.06157
0.000173374
1.06125
-0.00015128
-0.00038922
394.261
394.504
0.0156294
394.468
-0.02531
-0.0596965
2.45202
1.84411e-008
1.85024e-008
7.25982e-012
1.84874e-008
-6.33504e-012
-1.62981e-011
2.96723e+007
2.9668e+007
2.96691e+007
1.19407e+007
1.19399e+007
1.19407e+007
2.26371
2.26005
-0.000509269
2.26123
0.000497787
0.0012707
3.50178e+007
1.11585e+007
1.11588e+007
1.11585e+007
3.50123e+007
1.11573e+007
1.11588e+007
1.11573e+007
3.50137e+007
1.19213e+007
1.19206e+007
1.19213e+007
1.11522
1.11661
0.000181332
1.11627
-0.000158205
-0.000406959
414.698
414.952
0.0163395
414.914
-0.026481
-0.0624313
2.35512
1.94289e-008
1.94931e-008
7.60537e-012
1.94775e-008
-6.63577e-012
-1.70685e-011
2.96241e+007
2.96198e+007
2.96209e+007
1.19213e+007
1.19206e+007
1.19213e+007
2.26939
2.26574
-0.000507697
2.26692
0.000495641
0.00126535
3.4961e+007
1.11404e+007
1.11408e+007
1.11404e+007
3.49555e+007
1.11393e+007
1.11408e+007
1.11393e+007
3.49569e+007
1.1902e+007
1.19013e+007
1.1902e+007
1.17153
1.17299
0.000189402
1.17263
-0.000165225
-0.000424936
435.63
435.896
0.0170591
435.856
-0.027669
-0.0652037
2.25458
2.04433e-008
2.05104e-008
7.9567e-012
2.04941e-008
-6.94147e-012
-1.78514e-011
2.95759e+007
2.95717e+007
2.95728e+007
1.1902e+007
1.19013e+007
1.1902e+007
2.27508
2.27144
-0.000506133
2.27261
0.000493517
0.00126005
3.49041e+007
1.11224e+007
1.11227e+007
1.11224e+007
3.48987e+007
1.11213e+007
1.11227e+007
1.11213e+007
3.49e+007
1.18827e+007
1.1882e+007
1.18827e+007
1.22918
1.2307
0.000197577
1.23033
-0.000172336
-0.00044314
457.056
457.334
0.0177875
457.293
-0.0288734
-0.0680123
2.1504
2.14843e-008
2.15544e-008
8.31366e-012
2.15374e-008
-7.25198e-012
-1.86464e-011
2.95277e+007
2.95235e+007
2.95246e+007
1.18827e+007
1.1882e+007
1.18827e+007
2.28076
2.27713
-0.000504577
2.2783
0.000491416
0.00125481
3.48472e+007
1.11044e+007
1.11047e+007
1.11044e+007
3.48419e+007
1.11032e+007
1.11047e+007
1.11032e+007
3.48432e+007
1.18634e+007
1.18627e+007
1.18634e+007
1.28816
1.28974
0.000205855
1.28936
-0.000179534
-0.00046156
478.977
479.266
0.0185245
479.223
-0.0300935
-0.0708555
2.04258
2.25519e-008
2.26251e-008
8.67607e-012
2.26073e-008
-7.56718e-012
-1.94532e-011
2.94795e+007
2.94754e+007
2.94764e+007
1.18634e+007
1.18627e+007
1.18634e+007
2.28644
2.28282
-0.000503029
2.28399
0.000489336
0.00124961
3.47903e+007
1.10864e+007
1.10867e+007
1.10864e+007
3.4785e+007
1.10852e+007
1.10867e+007
1.10852e+007
3.47863e+007
1.1844e+007
1.18434e+007
1.1844e+007
1.34846
1.35011
0.000214229
1.34971
-0.000186815
-0.000480186
501.389
501.691
0.0192695
501.646
-0.0313287
-0.0737315
1.93111
2.36464e-008
2.37226e-008
9.04377e-012
2.37041e-008
-7.88691e-012
-2.02712e-011
2.94313e+007
2.94272e+007
2.94283e+007
1.1844e+007
1.18434e+007
1.1844e+007
2.29212
2.28851
-0.000501489
2.28967
0.000487278
0.00124447
3.47334e+007
1.10683e+007
1.10687e+007
1.10683e+007
3.47282e+007
1.10672e+007
1.10687e+007
1.10672e+007
3.47295e+007
1.18247e+007
1.1824e+007
1.18247e+007
1.41009
1.41181
0.000222697
1.41139
-0.000194175
-0.000499007
524.294
524.607
0.0200223
524.561
-0.0325783
-0.076639
1.816
2.47677e-008
2.48471e-008
9.4166e-012
2.48279e-008
-8.21101e-012
-2.11002e-011
2.93831e+007
2.9379e+007
2.93801e+007
1.18247e+007
1.1824e+007
1.18247e+007
2.29779
2.2942
-0.000499957
2.29535
0.000485241
0.00123938
3.46765e+007
1.10503e+007
1.10506e+007
1.10503e+007
3.46713e+007
1.10492e+007
1.10506e+007
1.10492e+007
3.46726e+007
1.18053e+007
1.18047e+007
1.18054e+007
1.47304
1.47482
0.000231252
1.47439
-0.000201609
-0.000518012
547.689
548.015
0.0207822
547.967
-0.0338417
-0.0795762
1.69725
2.59159e-008
2.59985e-008
9.79438e-012
2.59786e-008
-8.53935e-012
-2.19397e-011
2.93348e+007
2.93308e+007
2.93319e+007
1.18053e+007
1.18047e+007
1.18054e+007
2.30347
2.29989
-0.000498433
2.30103
0.000483225
0.00123434
3.46195e+007
1.10323e+007
1.10326e+007
1.10323e+007
3.46144e+007
1.10312e+007
1.10326e+007
1.10312e+007
3.46157e+007
1.1786e+007
1.17854e+007
1.1786e+007
1.53732
1.53916
0.000239891
1.53872
-0.000209114
-0.000537192
571.574
571.912
0.021549
571.862
-0.0351182
-0.0825416
1.57486
2.70913e-008
2.71771e-008
1.01769e-011
2.71564e-008
-8.87176e-012
-2.27894e-011
2.92866e+007
2.92827e+007
2.92837e+007
1.1786e+007
1.17854e+007
1.1786e+007
