0.0505664
0.0530192
0.0554673
0.0579113
0.0603518
0.0627892
0.0652239
0.0676562
0.0700865
0.0725149
0.0749417
0.0773671
0.0797912
0.0822143
0.0846363
0.0870575
0.089478
0.0918978
0.0943171
0.0967358
0.0991542
0.101572
0.10399
0.106407
0.108824
0.111241
0.113658
0.116075
0.118492
0.120909
0.123326
0.125742
0.128159
0.130576
0.132993
0.13541
0.137828
0.140245
0.142663
0.145081
0.147499
0.149917
0.152335
0.154754
0.157173
0.159592
0.162011
0.164431
0.166851
0.169271
0.171692
